556
528
696
708
536
640
708
556
620
680
760
676
500
500
612
696
816
692
604
412
296
520
604
480
368
400
452
616
596
412
384
460
448
540
748
752
732
620
640
664
460
540
300
548
872
1060
1028
896
936
1024
1228
944
792
736
680
720
724
768
688
584
520
328
180
228
292
548
780
712
740
892
1000
864
728
632
672
776
956
780
732
728
924
940
1044
992
776
736
644
472
440
460
588
560
380
172
360
464
500
384
252
392
464
428
524
516
656
564
804
700
600
704
844
868
820
748
688
652
648
528
652
776
864
800
592
720
912
904
892
624
716
856
952
868
844
776
596
680
436
364
252
92
352
516
728
828
932
460
404
692
984
992
864
852
556
192
380
592
332
348
388
656
1008
1424
1320
1032
860
964
1132
1072
1160
1208
1060
1156
980
628
400
412
276
8
-452
-808
-332
144
440
476
712
1040
1368
1572
1452
1056
1024
1200
1324
1300
1380
1364
1060
500
376
576
1344
1916
2220
1764
1292
1152
1504
1588
1572
1140
152
-776
-728
48
584
1024
1248
1484
1832
1992
1920
1168
72
-380
-796
-1124
-1108
-644
-684
-604
-240
584
956
748
460
784
1324
1432
1376
1784
2132
2808
2584
2552
2592
2804
2912
2532
1352
860
912
1276
1128
440
260
500
1660
2472
2804
2952
2680
2028
1932
1840
1836
2324
2404
2560
2340
1720
1100
828
744
1068
1416
1476
1588
2340
2704
2652
2216
1228
1024
1220
1240
964
504
96
140
604
472
444
776
1024
1256
1872
1680
888
448
660
1524
2160
2568
2048
1440
1296
1096
1128
1108
416
-124
96
1084
1460
1624
1352
780
412
596
896
804
1028
1440
1652
1184
1348
1668
2072
2824
3540
3028
1920
1516
1856
2756
3228
2492
1104
-1060
-2016
-1832
-1120
844
3120
4840
4656
3680
2964
3060
2872
2924
1436
2236
3808
4016
3100
2640
3500
3708
3840
3400
3084
3120
3548
3848
3452
2924
3092
5280
4044
1588
2060
3140
3004
3172
4132
3116
4588
6772
7460
7408
7356
7764
8580
7720
6296
4496
3784
3608
3776
3668
2904
2780
3492
4460
4444
4052
3088
2536
2220
1856
2292
2044
1604
3024
5356
5036
4584
5064
5500
5500
5920
7456
7852
8092
7380
7804
7848
7560
7208
6784
6752
7464
8480
9524
10520
10468
10312
11020
11832
11572
11044
10468
9268
7568
6352
4824
3388
2184
828
472
1144
1580
-148
-6512
-5156
-356
-628
-3040
-6888
-9208
-12896
-14740
-12892
-9616
-8328
-8436
-9376
-9644
-9108
-7396
-4596
-2588
-1840
-2032
-2304
-2548
-2336
-2168
-2148
-2348
-2676
-2968
-3560
-4164
-4720
-4560
-4332
-4428
-4096
-3636
-2696
-1024
-364
40
-40
-172
264
1208
1564
2172
2912
2860
1744
860
376
140
-72
-20
-480
-2752
-2104
-464
324
8
464
892
36
-952
-1836
-2500
-2640
-2588
-2148
-1756
-976
1556
2016
-844
-2172
-1716
-552
520
936
140
-924
-1364
-1320
-1332
-1784
-2832
-3532
-3648
-1944
-1100
-1956
-3280
-3908
-3380
-2672
-2572
-2680
-3188
-3156
-3600
-4360
-5968
-6860
-6532
-5264
-3668
-4044
-8592
-11956
-6256
-1192
284
828
1620
2416
4368
6640
4540
9656
15556
15428
9856
9096
11736
16256
18868
17708
12128
6352
4016
9744
21588
24952
21692
10620
-1692
-7304
-7456
-3020
-2712
-3020
-5176
-9748
-12164
-8008
-740
3388
7136
10604
13920
15888
15216
11844
9628
12976
21720
23436
17208
12076
9468
10452
11900
11468
8936
6792
5808
6200
6832
6708
5396
4240
3144
3212
3528
3896
4776
6784
7284
3972
5624
14236
22752
15536
11588
11528
12716
10744
5828
-1000
-1272
480
-2192
-2868
3264
12508
14124
7480
1644
1520
5024
8588
13648
15276
11856
8304
6200
7044
9428
10468
7280
3740
-552
-3176
-4608
-3060
996
3460
4388
3088
1248
-328
-744
408
1512
3220
3704
3784
2796
1740
1508
1688
2048
1728
1356
704
784
1320
2636
4564
4456
3120
1620
1028
852
876
1040
1464
2164
2368
2204
1888
1628
1160
844
1368
2124
2140
1400
704
568
1012
1080
736
84
212
1032
1512
1640
1624
1752
1672
1616
1704
1668
1796
2148
2656
3056
3316
2952
3224
3148
2024
2204
2292
1524
1648
2140
2576
2572
2460
2428
2536
2888
2620
2204
1448
1000
316
132
-696
-904
-536
-756
-960
-1324
-996
-1144
-1252
-1264
-2008
-2852
-2536
-1108
-864
-1872
-1292
-1628
112
1888
3940
4184
2248
928
-12
-116
136
-56
156
1592
2364
2992
4068
5856
9428
9384
9056
6892
3324
972
768
2736
5460
5940
4108
1672
1148
2624
3528
4248
3908
3844
4160
2804
1052
228
2252
4780
4300
4316
4920
5992
6368
6056
6104
6300
5356
3864
2088
452
-340
-176
-332
-752
-396
-964
-1044
88
1388
2560
2944
2660
2848
3064
3472
4400
4936
4148
1264
-4240
-4564
-872
2696
3412
5292
7096
4720
-1160
-3088
1428
3260
3680
4960
7500
7088
2592
448
2184
7452
10508
11292
8316
5912
2948
-68
-468
2868
6176
9784
11036
9284
6632
3468
612
628
2184
2184
216
-568
2676
6220
1824
-4504
-7828
-4476
-584
1532
-660
-2432
-1092
2704
5224
3984
1760
1412
2132
3444
4620
3420
2248
556
-1916
-3060
-2924
-1564
248
1856
2568
2032
1864
1968
2896
3916
3780
3320
4272
5056
5304
5044
4560
4852
4416
4748
4256
3864
3224
4004
4156
4732
5220
4608
3880
4024
2636
3488
3884
5040
5580
5960
6084
5588
4908
3868
3180
3048
3380
3836
3560
3172
2524
1120
1152
1432
2880
3728
4344
3504
2176
2304
1916
1724
2476
5296
7628
10208
10484
9624
7940
6312
2612
72
-1856
-2460
-1028
-2480
-1792
-308
3436
4628
2584
868
80
420
68
-356
-420
416
2016
3112
3640
3364
3956
3204
2888
3280
2916
2160
636
0
-96
-416
-724
-1832
-1792
-1728
-68
928
1108
2312
3996
5764
6432
6564
5568
5200
5732
6324
7196
7784
7464
7344
7872
7056
6088
4472
2200
2152
1372
308
524
-228
-180
708
1192
1172
1488
3468
4628
5792
6224
7456
7576
7648
7124
6952
7684
7268
7252
7272
5460
3972
4648
4948
4280
4520
4408
3740
2980
2872
2488
2132
2456
2112
2680
3520
3608
4068
3516
2384
1484
1096
1476
2228
4020
4100
3988
4712
5464
6756
7336
7300
6860
6204
6076
6056
5652
4560
3840
3224
3032
2792
2936
3600
3912
4040
3920
3712
3448
2712
2076
1252
2040
5228
7100
6928
5040
4296
4780
5600
5196
4228
3832
4260
4764
4340
3564
2544
2092
2000
2244
3068
3972
5408
5640
5124
4592
4848
5100
5332
5884
7276
7932
8116
9684
9768
11032
12200
13664
14340
14896
15820
18228
20204
22040
22768
23256
24140
25676
26812
28260
28600
28428
27676
25936
25752
22788
20480
19276
17704
15256
10428
7020
5976
5060
3376
-236
-3672
-7232
-11724
-14988
-19200
-20716
-22264
-22524
-23424
-24644
-27284
-32768
-32768
-32768
-32768
-32768
-32768
-32768
-32768
-32768
-32768
-32768
-32768
-32768
-32768
-32768
-32768
-32768
-32768
-30612
-28728
-27436
-24472
-21328
-20644
-23784
-28116
-29812
-29284
-28444
-28256
-28664
-29064
-29276
-28676
-30244
-31628
-32360
-31644
-30120
-26448
-23180
-21876
-21572
-20140
-18624
-17684
-17188
-17216
-17588
-18252
-15876
-13152
-12812
-13512
-12664
-10324
-8588
-8576
-8920
-7800
-5092
-2764
284
1236
740
-52
-688
-1168
-888
564
2844
3224
2612
2432
2480
2612
3032
3304
4332
5720
6692
6124
5028
5408
6244
8120
9244
9552
9960
10312
9972
9780
10096
10564
10648
10256
9672
9680
9448
9084
8876
8712
8228
7312
7624
7920
8020
7516
6604
4952
3652
2464
2296
2348
2676
2536
2776
3080
3608
3940
4308
4984
5552
5948
5888
5372
4920
4896
5328
5548
5132
4512
4284
4380
4456
4440
4200
3868
3852
3648
3812
4532
5220
5760
5840
5612
5304
4680
4204
4108
4020
4252
4408
4420
4404
4528
4940
5052
5224
5924
8280
10304
11888
12768
13016
14088
15444
16392
17824
18588
18552
17828
16400
16000
17124
17784
18516
18352
18752
17976
16512
13984
12268
10880
10376
10860
11520
10976
9708
6784
4188
668
-1156
-2832
-4140
-6764
-9936
-14556
-18168
-22384
-26060
-28312
-31292
-32768
-32768
-32768
-32768
-32768
-32768
-32768
-32768
-32768
-32768
-32768
-32768
-32768
-32768
-32768
-32768
-32768
-32768
-31900
-29788
-28328
-27328
-26752
-27564
-28520
-28628
-27120
-25600
-23728
-22996
-23436
-25628
-28912
-32612
-32768
-32768
-32768
-31616
-30324
-29744
-29240
-28160
-26592
-23556
-20480
-18916
-18016
-18644
-19512
-21624
-22000
-21656
-21072
-19872
-18536
-15884
-12356
-10260
-8740
-8320
-7744
-7184
-5896
-2208
1876
3604
4360
4624
5200
6136
7436
9176
10292
11212
11700
12340
11116
9036
8860
9800
11352
11804
12524
12300
12004
12588
13148
13564
13204
11524
9340
7188
5628
5936
7292
9032
8836
6412
5224
5268
6560
6636
5976
4476
3488
2728
2324
2180
2272
1960
1336
1228
1332
1524
1684
1784
1684
1308
568
572
1216
1748
1748
1096
460
376
636
772
940
1208
1892
1772
1524
1388
1100
1564
2220
2876
2764
2164
1864
2176
3012
3968
4020
3664
3036
2932
3344
3788
4156
5040
2632
-776
-2596
-2224
-268
1544
2580
2284
1876
2504
3732
5608
6528
6772
6688
6688
6896
8184
9960
11008
11272
10596
9860
10720
13012
14748
16496
17360
16672
15092
13784
12740
13072
12908
13160
12892
11692
9128
7664
6192
5468
4652
3620
2720
2156
-588
-4164
-9616
-13200
-14628
-14940
-16232
-19096
-21356
-25256
-30028
-32768
-32768
-32768
-32768
-32768
-32768
-32768
-32768
-32768
-32768
-32768
-32768
-32768
-32768
-32768
-32768
-32768
-31836
-27480
-24300
-23168
-23560
-25596
-26416
-25488
-24508
-25304
-27924
-29416
-29660
-29888
-30884
-32232
-32604
-31392
-29824
-27952
-26524
-25260
-22952
-21928
-22024
-23864
-25288
-25164
-22216
-17388
-13912
-10596
-8076
-6952
-6284
-6508
-7000
-6408
-3580
-640
1640
3844
5800
8208
11256
13428
15436
16624
18152
18364
19800
21788
23296
23300
21536
17592
14348
10860
9852
8452
6768
5000
3552
2252
1532
908
388
-144
-1676
-2524
-3048
-2712
-1632
-416
-176
-592
-1700
-3680
-5056
-5672
-5504
-4940
-4064
-3592
-3420
-4700
-5388
-5872
-7456
-7608
-6992
-4616
-2668
-2828
-7096
-8720
-2820
3500
4956
1840
-4612
-7824
-8140
-5136
-3092
-2792
-3564
-5424
-5192
-4672
-4244
-4820
-5864
-6952
-7488
-7436
-6828
-5908
-4232
-3336
-2856
-3220
-3536
-3520
-2900
-516
2152
4840
5484
5096
3208
1416
-460
-1148
-1472
-1516
-1688
-1932
-1588
-824
204
1708
3312
3328
2316
-824
-3220
-4648
-5316
-5436
-4564
-3604
-2528
-1084
-1540
-2664
-5484
-4468
-10956
-8540
-4020
-8748
-8168
-1484
6276
4636
-2612
-11660
-8292
-1680
4444
-2408
-8256
-6452
-228
-2420
-5152
-3352
-1228
-2480
-2216
-440
-76
-176
-1932
-2900
-3412
-2712
-1324
192
304
-136
-416
-764
-1384
-2804
-3492
-3584
-3192
-3032
-2864
-2428
-2552
-3648
-5020
-6048
-5960
-5000
-23840
-15152
1044
8524
7076
420
-2240
-4768
-2268
-260
-2096
-2412
-956
-948
-728
-604
-1388
-3048
-3292
-2680
-1724
-1028
-868
-808
-1376
-1696
-1916
-176
2108
3896
4400
3520
2040
-4
-1048
-1232
48
1872
2912
2308
700
-456
-1360
-1932
-2272
-2452
-2640
-2544
-2448
-2520
-3132
-3780
-4176
-4572
-3312
-1064
-856
-2452
-4548
-5188
-5044
-4444
-2640
-4572
-6968
-7128
-5660
-4140
-3376
-4144
-5212
-5404
-4692
-3956
-3984
-4832
-5812
-6496
-6472
-5984
-6204
-7288
-8872
-11376
-12684
-13880
-13376
-12604
-12832
-13892
-13544
-14000
-12428
-13256
-15268
-16396
-17200
-17944
-18488
-19064
-19956
-22020
-22340
-24368
-26480
-27668
-27604
-25740
-22984
-19820
-16824
-13360
-9816
-7536
-3848
-56
2052
4508
8240
11368
15924
18108
18488
20308
25268
32004
32767
32767
32767
32767
32767
32767
32767
32767
32767
32767
32767
32767
32767
32767
32767
31524
27684
25112
22668
22620
21308
19700
19388
19268
20368
22944
24852
24608
24076
24992
25212
26408
26972
27220
28516
29624
29628
30172
31148
31068
30048
28936
27832
27388
27460
27408
25992
24160
21636
20936
20524
21548
22508
22456
21120
19488
17824
17300
16544
15996
15372
15028
14116
13080
11992
10496
9776
8984
8624
7604
6476
5452
4252
3388
2304
2032
2112
1796
1244
112
-556
-1728
-2664
-4156
-4396
-4536
-3904
-3440
-4088
-5360
-6436
-6012
-4708
-4300
-5568
-6380
-6496
-6188
-6116
-5948
-5624
-5600
-5980
-6512
-6928
-7792
-7724
-7236
-5752
-4888
-4380
-4484
-4324
-4460
-4464
-4124
-3856
-4016
-4116
-3716
-2644
-1400
-1248
-1480
-2272
-2960
-3220
-3412
-2924
-2236
-2228
-2580
-3468
-4208
-4296
-4496
-4736
-5436
-6700
-7392
-7916
-7824
-7256
-5952
-5076
-5472
-6128
-6844
-6596
-5980
-5404
-4952
-5008
-5116
-5500
-5640
-5232
-3736
-2472
-2300
-2852
-3944
-4856
-5336
-5448
-5236
-5028
-4656
-4780
-5548
-6560
-7584
-8852
-9136
-9024
-8836
-8448
-7888
-8012
-8268
-8468
-9076
-9680
-9768
-10044
-10632
-11136
-11848
-12280
-12876
-12756
-12080
-11648
-11584
-11448
-11208
-11236
-11876
-12572
-13908
-14380
-14532
-14636
-14916
-15720
-16420
-17624
-19780
-20784
-20732
-17992
-14240
-16068
-14568
-11160
-5992
-2608
912
3872
6756
9088
11472
14392
15900
17096
19176
22024
24664
28308
32767
32767
32767
32767
32767
32767
32767
32767
32767
32767
32767
32767
32767
32767
32767
32767
31440
29928
26140
23824
24172
23256
21612
20916
20056
20748
20868
21476
22792
22176
21312
21336
22432
23324
24116
24960
26016
26692
27152
27692
27752
27760
27948
28216
28456
28696
28628
27632
26644
26248
25764
24972
23844
22096
20748
18792
17288
16344
15044
13980
13028
12208
11460
10664
10644
11136
10908
9600
7812
6196
4608
3952
3700
3876
4052
3640
2532
992
-76
-1496
-2564
-3220
-3624
-4044
-4992
-5748
-6696
-7400
-7880
-8776
-9400
-9576
-10240
-11344
-11808
-12408
-13412
-14512
-15856
-16588
-17316
-17748
-18588
-19296
-19296
-19164
-19176
-18900
-18544
-17204
-15568
-13672
-12724
-11836
-11004
-9996
-8864
-8100
-6896
-6376
-5712
-4948
-4628
-4572
-4012
-4124
-4832
-5412
-5892
-5612
-5220
-5032
-5124
-5260
-5540
-5944
-6336
-6032
-5700
-5128
-5456
-5900
-6204
-6324
-6252
-6400
-6332
-6824
-6976
-7388
-8680
-9480
-8236
-7784
-7340
-7436
-7376
-6980
-6988
-7124
-7528
-7824
-8276
-8820
-9188
-9360
-9292
-9236
-9112
-8944
-8684
-8508
-8400
-8460
-8464
-8624
-9312
-10036
-11348
-12460
-13400
-13460
-13352
-13020
-12824
-12904
-13440
-14324
-14952
-14932
-14684
-14520
-14212
-13684
-12764
-11708
-9696
-7436
-4072
-1596
-92
1056
3312
5216
6880
9456
12132
13796
15732
19216
23004
26292
32224
32767
32767
32767
32767
32767
32767
32767
32767
32767
32767
32767
32767
32767
32767
32767
32767
30544
26620
24496
23148
22700
22604
22328
21712
21604
21500
21660
21420
21244
21264
21500
21684
22032
21616
20748
19332
18688
18032
17500
17352
16904
15436
14096
12144
10872
10176
9660
9120
8692
7624
7016
5984
4188
2720
2084
3012
4464
6240
6204
5420
4204
3536
3252
3348
3288
3592
4204
4580
4308
3292
1632
280
-660
-836
-832
-860
-1172
-1464
-1896
-2344
-2748
-3000
-3116
-3364
-3888
-4804
-5772
-6864
-7188
-7200
-6444
-6068
-6012
-6636
-7512
-7752
-7688
-8028
-7916
-8140
-8196
-8360
-8144
-8152
-8036
-7648
-7220
-7192
-7056
-7052
-7212
-6616
-5792
-4272
-3332
-2460
-2340
-1768
-1324
-604
604
368
280
532
684
1268
1812
1736
1520
1500
1536
2032
2544
2336
2364
2476
2936
3464
3908
3732
3872
3940
3520
3968
3580
3300
3700
4088
4420
3888
4008
3256
2988
3140
3076
2892
2452
1720
1008
724
884
1196
1228
1084
736
744
576
524
684
580
756
864
900
904
1168
1388
1536
1692
1896
1764
1652
1624
1700
1900
2016
2024
1868
1928
2012
2096
2068
1892
1556
1588
1560
1584
1560
1432
1416
1404
1636
1620
1724
1764
1552
1244
1204
1100
1256
1124
716
704
1120
1872
2336
2592
2592
2504
2388
2312
2272
2288
2056
2048
1892
1764
1776
1656
1604
1688
1884
2108
2356
2248
2196
2048
1820
1528
1236
1240
1360
1444
1440
1592
1588
1316
1112
908
1032
1592
2044
2680
2900
3184
3164
3392
3164
3684
3836
3848
4112
1912
1924
876
-1480
-1232
2000
4208
9664
788
13240
24508
-2820
-19256
-23944
-9052
3080
4688
4096
3324
564
-2972
-5128
-2472
-432
1596
4852
8344
9284
8676
8104
7040
5920
5128
4608
3868
3764
3480
3636
2436
636
-1280
-1504
-1464
-3128
-392
3516
5412
4092
3744
4888
5700
3932
416
1596
4164
5008
4364
5308
5560
4216
4364
5212
7108
7496
8480
7084
5488
6112
11628
14624
14468
14132
10260
6172
3336
7872
5596
-108
1196
2740
1588
2176
3084
3052
5248
5900
6092
3188
2620
1760
2264
2552
5136
6972
8700
10628
10332
8388
7320
5140
3236
1752
1080
692
-236
-524
-1012
-1564
-1556
-1220
-1020
-892
-1164
-664
1044
3052
3996
3752
5072
6360
6680
6584
6604
7392
7368
7568
7840
7772
6776
6768
5068
3332
2152
2400
3252
5176
6640
7540
6684
4932
3012
3120
5612
7928
8768
5600
-812
-8880
-11976
-13152
-12232
-6224
-824
9860
17052
29556
32767
32767
32767
32767
32767
32767
31628
16068
3308
-12192
-22504
-25836
-25576
-23992
-23160
-21844
-23516
-24028
-25952
-27736
-28556
-28908
-28960
-28716
-29580
-30848
-28820
-26560
-22956
-20676
-19108
-19020
-19508
-17236
-16196
-13712
-10256
-8316
-7588
-6468
-5636
-5796
-6432
-7388
-7796
-7472
-8212
-9252
-9692
-10160
-11444
-13080
-19712
-26992
-32768
-32768
-30956
-24968
-18008
-13676
-12632
-14476
-14536
-13016
-11220
-13560
-15888
-15520
-12920
-9360
-7516
-7216
-7284
-7332
-7260
-7516
-7832
-8576
-9124
-9232
-9272
-8860
-8648
-9060
-9552
-9908
-9004
-7532
-6288
-4148
-2524
-24
2044
4828
6536
8600
10328
11472
12324
12412
12232
11900
11824
11996
12248
12496
12764
12804
12292
11844
11596
11196
11176
11240
11740
12064
12340
11680
10460
9320
7708
6808
6452
6524
6680
6664
6392
5760
4580
3736
2928
2604
2312
2400
3052
3240
3384
3224
2988
2544
2312
2100
2096
2216
1876
1728
1668
2020
2420
2844
3076
3252
3072
2680
2632
2440
2368
1816
1456
1032
808
276
136
176
360
652
804
884
816
644
696
1096
1600
2184
2424
2324
1820
1588
2096
3148
4876
6888
7912
9580
10400
10460
10228
9444
8964
8900
7756
10288
10796
9880
9592
9180
9224
8564
6908
5572
3316
3104
2352
2184
1728
240
-1596
-4388
-6788
-8016
-8748
-8840
-9812
-10212
-10100
-10480
-8960
-7840
-6184
-7952
-8136
-9336
-10564
-11676
-11416
-9300
-7276
-5848
-5772
-6256
-5956
-4660
-3912
-3508
-6904
-4992
-3324
-3288
-2380
-1520
-1232
-2124
-3496
-4936
-5824
-5500
-5960
-5972
-5736
-7324
-9776
-9688
-9576
-9244
-9872
-11116
-12040
-12892
-13284
-13900
-14384
-14528
-13940
-13328
-11920
-10452
-9432
-9672
-10072
-9360
-9304
-8616
-7364
-7688
-7480
-7348
-6868
-5896
-4304
-2412
-472
536
532
-192
-1040
-1048
-932
-320
-168
1072
-608
-2592
-3048
-2864
-1104
588
3048
3820
4020
3952
4348
5172
6352
7832
8968
9524
9632
8828
8384
7528
6076
4164
3252
2588
2688
3212
4568
5332
5760
5236
3740
2472
1624
1080
1320
1932
2768
3768
4572
4580
3724
2696
1668
1120
1000
1168
1096
712
84
-244
-480
-628
-776
-1144
-1236
-1376
-1288
-1132
-1036
-1312
-1324
-1188
-956
-592
24
436
572
504
260
-24
-552
-920
-1172
-1492
-1772
-1988
-1792
-1476
-1180
-1080
-1020
-1056
-916
-828
-728
-740
-752
-688
-772
-552
-184
732
1112
1724
2912
5612
7672
10276
11276
11080
10124
8772
8572
9000
9364
8780
7260
5428
4256
2992
776
-652
-1076
-500
248
-188
-1724
-3780
-5972
-7264
-8412
-9132
-9800
-10860
-11996
-13948
-15616
-18828
-21308
-23052
-22472
-19660
-16348
-13056
-12360
-13296
-12072
-6364
-2664
308
212
-2084
-3504
-4000
-3016
-2320
-1576
-2148
-3312
-4368
-5552
-6140
-6704
-7436
-8836
-10280
-11828
-12412
-12460
-12324
-13356
-15396
-16956
-17756
-18516
-19388
-19264
-18928
-18264
-17996
-18672
-17012
-15568
-14092
-12960
-11060
-10044
-10504
-10864
-11060
-11388
-11236
-11380
-11992
-12512
-12208
-11508
-11432
-12160
-12732
-13620
-14372
-11988
-11832
-11032
-10600
-10152
-9536
-8868
-7640
-6748
-5472
-4132
-2916
-1284
-124
1684
2764
3944
5340
7040
7492
7576
7296
6856
6752
6640
6144
4448
2876
652
-616
-1592
-1692
-516
1152
4124
6236
8248
9456
9884
9664
9844
10104
10124
10288
10124
9980
9504
8804
8132
6732
5256
4260
3584
3692
4012
4784
5000
4780
4368
3596
2664
2216
2048
2156
2308
2724
3256
3544
3888
4136
4324
4360
4240
3912
3764
3344
3128
2936
2716
2604
2504
2592
2620
2624
2420
2340
1952
1724
1372
1292
1240
1336
1804
2700
3356
3924
4384
4684
5020
5004
5168
5192
5188
5120
4908
4556
4136
3660
3176
2924
2864
2868
2992
3112
3196
3276
3560
3900
4480
4656
4532
4044
3488
3008
2896
3452
3800
3672
3460
3212
3084
4032
5108
6768
7400
7332
7056
6168
4540
3360
2568
2996
3412
3488
3440
3692
4392
4460
3524
2968
2680
2440
2480
3336
3856
3632
3408
4244
4388
7948
9056
5312
1436
12
-784
2040
1764
4168
5868
5544
6428
4396
3844
2880
1752
3208
2800
2064
2428
2916
4132
4600
4336
3604
3572
3984
5220
5776
5468
4956
4460
4280
4300
4224
4104
4160
4192
4364
4356
4324
4080
3832
3816
3704
3504
3368
3316
3496
3800
4432
4868
4720
4436
4388
4540
4608
4792
4476
4384
4264
4212
4488
4772
4860
4728
4588
4568
4504
4572
4960
5228
5340
5264
4856
4528
4388
4396
4352
4544
4416
4732
4864
4916
4764
4700
4676
4628
4572
4452
4336
4180
4460
4488
4204
4128
4260
4364
4532
4484
4248
4152
4196
4056
4048
3968
4072
3968
3968
4084
4220
4492
4600
5196
5352
5316
4928
4296
3944
3696
3780
3928
4072
3968
3896
3504
3248
3336
4212
5016
5620
5436
4616
4156
3988
3988
4084
3956
3884
3828
3728
3704
3692
3844
3776
3684
3696
3508
3760
4372
5164
5412
5132
4524
4232
4216
4308
4208
3784
3792
3916
4004
4008
3644
3564
3232
3008
2984
3024
3148
3216
3084
3184
3296
3528
3508
3716
3672
3708
3756
3996
4396
4604
4532
4280
4024
3860
3800
3816
3828
3864
3764
3708
3664
3752
4068
4408
4544
4544
4536
4720
4648
4760
4872
4900
4808
4724
4788
4712
4784
4864
4992
4804
4772
4484
4380
4372
4376
4484
4628
4532
4356
4144
4148
4272
4488
4596
4516
4472
4360
4312
4496
4404
4372
4316
4392
4560
4468
4176
3988
4004
3812
3788
3152
3020
4424
4908
4612
3580
2740
2468
2036
2620
4768
5880
5584
4284
3800
3664
3952
4396
4816
4772
4428
4120
3896
3916
3928
4020
3944
3960
3952
3704
3648
3484
3424
3536
3680
3776
3796
3812
3836
3920
4064
4036
3848
3868
3876
3912
4116
4348
4264
4104
4108
4092
4120
4272
4068
3960
3856
3708
3560
3648
3684
3840
3936
3980
3936
3824
3792
3860
3928
3860
3828
3712
3728
3704
3740
3868
3940
3816
3596
3528
3488
3616
3524
3528
3528
3656
3564
3624
3628
3752
3848
3972
4024
4152
4032
4080
3992
4192
4148
3976
4060
3844
3688
3480
3356
3476
3452
3596
3556
3424
3376
3428
3564
3632
3516
3460
3556
3668
3748
3796
4088
4076
4168
4144
4232
4308
4392
4332
4016
3708
3668
3552
3536
3528
3508
3332
3052
2792
2880
2988
3208
2976
2916
2908
2888
3276
4020
4548
4540
4368
4168
4056
4004
4264
4272
4312
4320
4204
4064
4152
4064
3992
3800
3412
3252
3160
3260
3268
3076
2780
2776
2316
2164
1976
2164
2132
2160
2152
1960
2056
2108
2028
2272
2732
3204
3408
3312
3252
3424
3300
3300
3496
3940
4144
4004
3860
3632
3352
3044
3024
3272
3936
4668
5580
5868
6188
6572
6596
6328
5964
5744
5892
5980
5340
3480
5304
6096
5960
5632
5080
4428
4172
4548
4976
4712
4024
3932
4040
4636
5168
5012
4336
3408
2180
2132
2312
2328
2364
2368
2540
2528
2892
3344
3896
4400
4480
4340
4232
4236
4424
4824
4596
3912
3412
2764
1980
1540
1360
1228
1032
412
-480
-1464
-2092
-2124
-1372
-956
-1028
-1136
-936
-32
664
1420
1728
1164
596
-140
-652
-1132
-1580
-2616
-3324
-992
-8268
-16008
-9868
1160
3560
596
-1324
-5064
-5736
-4276
-4028
-1928
1548
1488
-588
-1752
-1452
-120
208
84
-56
-276
-484
492
-1236
-1472
124
1140
468
-64
112
776
796
940
1304
1300
1196
1128
856
516
488
632
1232
1568
1548
1372
1484
1764
1108
1460
1852
2092
1800
1480
1240
1244
1108
1216
1512
1500
1500
1356
1268
1164
1384
1156
980
816
704
592
412
200
428
344
216
32
28
-68
-252
-64
164
396
268
120
-384
-808
-1256
-1460
-2004
-3148
-4704
-4928
-4684
-4664
-4768
-4904
-4704
-4712
-4496
-3920
-3280
-2972
-2788
-2596
-2668
-2584
-2404
-1912
-1644
-1500
-1456
-1328
-836
-604
-656
-944
-780
-456
544
948
44
1408
1728
300
-448
-328
312
724
1512
1744
3956
4936
4740
4540
4464
4788
5360
6192
6972
7084
6604
6500
7028
7492
7768
7472
6948
6148
5600
4856
4752
4880
4840
4380
4124
3840
3592
3424
3420
3400
3300
3072
3092
3028
2944
2976
3028
3200
3448
3396
3328
3004
3068
3084
2940
3128
3140
3120
3168
3504
3616
3492
3116
2812
2208
1692
824
572
796
1300
1652
1744
1176
816
724
1260
1996
2128
1908
1372
1344
1500
1440
900
-224
-744
-1036
-772
-860
-980
-1252
-1352
-948
-668
-664
-944
-1336
-1628
-1688
-1864
-1772
-1356
-2764
-7464
-13868
-3588
4304
7080
5348
2444
-604
-1528
-1072
1824
4292
4948
3716
2200
976
904
1892
2600
2476
1792
1380
1636
2136
1996
1880
1840
1764
1480
2008
2608
2456
1988
2084
1416
1236
1312
1164
260
108
464
636
2144
3488
3392
2076
1684
2276
3376
3524
3524
3272
3108
3216
3252
3516
3640
3444
3336
3268
3172
3152
3112
2844
2592
2080
1820
1600
1632
1808
1980
1896
1856
1784
2000
2036
1808
1556
1464
1320
1460
1632
1932
2052
1924
1868
1856
1828
1824
1816
1652
1620
1180
996
1004
928
496
328
420
576
428
500
140
536
828
720
148
176
-16
-88
-248
-660
-1192
-1496
-1396
-1496
-1260
-1168
-1204
-1212
-1148
-436
76
624
816
720
264
28
-176
296
920
1772
1772
1388
1348
1660
2160
2776
3592
3740
3828
3580
3480
3824
4068
4432
4568
4472
5084
5388
5488
5504
5576
5708
5836
5764
5584
5060
4996
4868
4668
4520
4280
3812
3548
3304
3468
3552
3628
3128
2712
2596
2248
2120
2180
2236
1952
1588
1464
1584
1996
2392
2832
3156
3428
3700
3664
3444
3428
3404
3604
3656
3960
3728
3588
3148
2856
2716
2780
2876
2876
2576
2400
2336
2604
2944
3328
3872
4004
4084
3984
4120
4392
4604
4588
3984
3436
3328
3212
3164
3240
3196
2788
2000
1568
1404
1652
1828
1324
520
4
-108
120
148
-132
-484
-768
-968
-716
-248
-272
376
-3640
-2256
-21800
-6472
10236
13188
5696
-420
-3596
-2872
-764
-308
1440
3192
2916
1684
1744
2224
2116
2060
2400
3920
4892
5092
4356
3204
2692
1704
2744
3460
3664
4228
3048
1936
1988
2044
2168
3032
2624
908
568
416
884
1356
1620
2132
2168
1484
1048
1028
1532
2076
2452
2888
3016
2964
2740
2744
2868
3156
3360
3408
3264
3052
3164
3372
3644
3472
3468
3160
3272
3492
3548
3584
3456
3280
2720
1996
1696
1704
1944
2224
2468
2508
2700
2724
2820
2924
2932
2808
2788
2984
3056
2928
2704
2492
2164
2200
2328
2576
2800
2780
2536
2296
2224
2116
2100
2016
2100
2032
1976
1592
1312
972
1016
1292
1648
1800
1980
1932
1908
1892
2312
2572
2696
2680
2604
2688
2708
2748
2828
2816
2888
2980
2880
2820
2596
2564
2716
2668
2812
2796
2820
2716
2548
2592
2416
2448
2340
2284
2232
2464
2428
2592
2472
2404
2320
2356
2488
2500
2708
2568
2584
2584
2456
2456
2456
2600
2612
2788
2660
2612
2516
2476
2268
2264
2188
2432
2412
2220
2096
1956
1992
2168
2212
2340
2292
2232
2284
2524
2692
2764
2704
2768
2636
2620
2660
2668
2772
2960
3016
2984
2928
2788
2796
3040
3152
3172
3332
3408
3336
3352
3412
3264
3140
2828
2816
2704
2576
2584
2580
2652
2732
2756
3004
2976
2892
2896
2788
2696
2884
2960
3072
2912
2880
2824
2712
2780
2980
3168
3172
3004
3004
3016
3084
3144
3076
3072
3068
3032
3116
3340
3224
3032
2688
2740
2828
2888
2916
2740
2652
2552
2616
2608
2860
2872
2820
2716
2732
2560
2572
2528
2660
2732
2672
2640
2748
2796
2904
2940
3012
2980
2952
3024
3136
3160
3252
3340
3324
3212
3184
3168
2948
3028
3132
3168
3240
3080
3100
2860
2520
2460
2660
2948
3352
3260
2904
2596
2292
2352
1436
1028
1772
4008
5840
6180
2992
5700
6868
1976
608
656
1676
2396
3980
5800
5816
4720
3448
1408
504
72
856
1548
2364
2256
1568
1176
672
-132
-152
1056
4680
3776
9732
5108
-1068
-6276
-6264
-3212
2404
4380
4644
3112
2044
-708
-712
-324
28
1032
1176
792
340
992
-56
48
676
956
396
-60
-1260
-1576
-544
592
700
1988
2084
1332
1816
2764
3240
4588
6740
7300
2360
1416
1460
7452
11416
5412
2652
1928
1324
1796
3420
2740
1504
1016
1460
2232
2176
2312
2604
3336
3960
4132
4516
5760
4372
2792
1992
1584
1928
2068
2196
1928
1456
1532
1924
2732
3252
3468
2968
2216
1736
1368
1236
1736
2152
2312
2176
1212
-4140
-9532
-13648
-10908
780
11720
19084
18280
11216
4360
-1212
-2736
-1628
140
2096
2704
2144
1704
1008
1828
2032
3236
3672
5392
5612
4344
3228
1292
84
-8
96
-12
-408
-460
872
840
292
-76
-676
-344
-108
548
1164
1672
2132
2328
2664
3340
3724
2744
2184
1288
3896
4748
2928
1512
928
1272
1480
980
576
296
648
644
876
1484
2260
2004
840
-2488
-6004
-2876
2176
6812
7500
6600
6060
4460
4288
5848
6704
7164
6536
5084
3984
3152
2948
2628
2284
1360
640
-240
-640
-216
-756
-136
576
1608
2576
2388
1620
1904
1644
2296
2496
2460
2172
1928
1736
1804
2372
2928
3432
3556
4628
3820
3052
2192
2108
2440
3440
3860
3704
3136
2808
2212
1848
2924
3632
3584
3180
2912
2992
2708
2884
2384
2296
2188
2392
2696
3180
4328
4332
3920
3932
4032
4292
5208
5808
6276
6088
5072
3400
2368
2116
3000
3420
3784
3676
3508
3404
4044
3896
3896
3972
3988
4144
3976
3748
3852
4360
4288
3600
2708
2052
1396
1476
1928
2336
3012
3624
3816
3676
3448
2892
2900
3152
3036
2820
3144
3580
3860
3540
4700
4068
3192
2664
2316
2472
3236
3700
4084
4052
4468
5416
6120
6584
6752
6296
6796
7452
6648
4556
1672
8
-136
-808
-280
1072
2892
4752
5316
5256
4984
4796
4696
4400
3840
3076
2608
2028
1964
2228
2560
2808
2912
3028
3188
3456
3912
5136
6104
7280
7380
6696
5764
4172
3576
2676
2516
1816
1880
2252
3320
4060
4592
4572
4088
3796
3436
3724
4064
4892
5576
6516
7332
8592
9144
9240
8920
7888
6668
5144
2940
1360
532
672
1420
3020
4428
5328
5824
5492
4168
3376
3340
3860
4260
4804
4756
4760
4564
4060
3648
3532
4308
4188
3968
4036
3992
4084
4080
4088
3608
2860
2388
2024
1844
2008
2180
2792
3252
3812
3820
3688
3520
3456
3516
3624
3896
4428
4584
4880
4248
3668
2856
2696
2336
2524
3168
3504
3680
3764
3760
3820
3508
3364
3208
3156
3260
3284
3332
3180
2780
2492
2256
2564
2928
3060
3044
3108
3088
3144
3308
3384
3440
3652
3672
3456
3192
2992
2768
2648
2708
2608
2572
2728
3408
4288
4392
4168
3876
3596
3460
3408
3588
3612
3612
3776
3300
2988
2864
2980
3200
3436
3456
3420
3244
3112
2984
2888
2772
2996
3376
3760
3888
3772
3748
3804
3960
3580
3336
3256
3148
3256
3664
4148
4252
4240
4368
4408
4452
4260
4400
4132
3988
3568
3220
3012
2968
2992
2876
2756
2960
2992
3212
3444
3556
3864
3716
3676
3632
3744
4056
4368
4280
4352
4400
3820
3840
3752
3744
3720
3728
3752
3732
3516
3488
3712
3904
3888
3780
3820
3960
3940
3824
3488
3420
3440
3712
3752
3936
3960
3868
3760
3400
3156
2792
2628
2592
2796
2964
3300
3520
3656
3792
3684
3584
3380
3224
2976
2840
2672
2772
2712
2816
2872
2868
2788
2832
2788
2720
2928
2908
2864
2792
2804
2908
3052
3328
3268
3248
3464
3676
3680
3376
3128
2896
2664
2572
2552
2760
2980
3292
3236
3076
2844
2812
3104
3572
3780
3852
3632
3428
3272
3264
3096
3148
2964
3048
3112
3188
3096
3136
3296
3488
3524
3612
3468
3272
2972
2868
2808
2500
2220
2396
2664
2980
3364
3412
3356
3352
3188
3240
2988
2788
2912
3080
3208
3376
3448
3520
3484
3388
3184
3056
3052
3228
3292
3284
3332
3200
3120
2932
2708
2856
2928
3064
3232
3076
3560
2592
1864
1808
2800
3360
3664
3596
3444
3012
3576
3816
3844
3700
3604
3720
3636
3388
3252
3156
3276
3280
3424
3516
3648
3972
3944
3752
3720
4048
4036
3816
3512
3320
3480
3536
3532
3584
3460
3456
3640
4088
4740
4868
4904
4564
4408
4224
3984
3968
3704
3604
3596
3600
3460
3368
3416
3248
3268
3312
3628
3652
3664
3564
3572
3512
3420
3264
3172
3152
3092
3104
2960
2968
2912
2828
3020
2932
3116
3036
3012
2796
2936
3000
2984
2876
2860
2844
2732
2720
2668
2548
3004
2980
3164
3168
2924
2556
3468
3776
2264
2488
2452
2444
2540
2440
2588
2868
2944
2968
2820
2724
2940
3020
3184
3084
3060
3040
3056
3120
3164
3188
3292
3156
3200
3276
3324
3328
3292
3192
3260
3156
3272
3168
3472
3072
3180
3188
3144
3192
3240
3160
3216
3252
3068
2984
3044
3004
2796
2996
3128
3036
3044
3004
3032
3108
3156
3124
3048
3184
3156
3264
3276
3244
3156
3076
3140
3072
3028
2892
2900
2672
2788
2280
2468
2464
2688
2524
2512
2344
2104
2244
2260
2280
2524
2660
5160
896
984
1880
3196
3048
2316
2336
2432
2436
2376
2240
2084
2112
2100
1952
1920
1644
1740
1956
1604
1708
1612
1788
1712
1952
1952
2024
1976
4628
604
1328
1956
2120
1964
1876
1420
1320
1316
1448
1412
1468
1804
932
608
1344
1408
532
212
700
172
476
100
-3508
656
828
432
148
-124
-508
-1180
144
268
-188
228
200
640
668
596
4
-752
-392
-376
-452
-500
212
-1836
-2048
-1992
-556
-1312
-2704
-1704
-1472
-2752
-2600
720
-2104
2396
-2064
1644
-2020
-1716
-2008
-2544
-2768
-2684
-3052
-2344
-2452
-2032
-1388
-1872
-2028
-2428
-2260
-1876
-2356
-1956
-2340
-2176
-3304
-3208
-2680
-2952
-2940
-2748
-3212
-2180
-3072
-1808
-2956
-2476
-2912
-2204
-2144
-2064
-1796
-2208
-2004
-2512
-2344
-2808
-2172
-2428
-2472
-2828
-2448
-2212
-1928
-2044
-2004
-2216
-1856
-1844
-2000
-1872
-1264
-1180
-1628
-1720
-1488
-1340
-1692
-1768
-2124
-1712
-1532
-1592
-1636
-1560
-1772
-1832
-1624
-1604
-1944
-2232
-2140
-1836
-1964
-1808
-1868
-1748
-1800
-1420
-1684
-1520
-1564
-1400
-2156
-1908
-832
-340
-912
-1568
-8152
5636
-2004
-9616
-3748
9788
4432
-4860
2288
912
2320
-924
-68
-672
780
7448
2732
-4172
2848
1068
1184
1084
2488
1196
1968
1912
2904
1392
2100
3344
2336
2440
2868
2740
2976
3260
2364
2416
2048
2348
2316
2300
2352
2740
2456
2788
2964
3136
3264
3080
3116
3020
2828
3504
2956
2564
2484
2604
1948
2292
2204
2008
2020
1096
800
1228
1776
1804
3164
2592
1800
1596
1268
696
1844
1600
1544
1492
1028
-240
1148
1668
1312
1632
1068
1200
1368
2528
744
1868
1368
1060
2996
-1248
772
1620
1160
684
2248
752
816
3568
4784
4420
4592
4360
4444
4036
4240
4732
5020
4652
4636
4784
4680
5012
5296
4908
4584
4544
5512
5576
5988
6088
6648
6524
6544
6452
6508
6140
6100
6212
5992
5836
5732
5728
5600
5384
5152
5048
4840
4716
4624
4508
4608
4584
4376
3916
3892
3596
3516
3536
3500
3420
3308
3296
3144
3052
3052
3116
3168
3124
2984
2848
2896
3016
2852
2600
2404
2548
2400
3080
3084
2884
3028
3220
3368
3544
3304
3392
3140
2972
2452
2608
2768
3008
3072
2952
2828
2696
2484
2800
2588
2604
2608
2312
2268
1696
2900
2740
2260
2372
1980
1844
2032
1836
1852
1748
1308
1584
1772
1856
1640
1840
1656
1572
1712
1732
1520
1820
1592
2264
1132
1424
2668
1700
1456
1916
1388
1772
1392
1980
1796
1748
1604
1760
1888
1740
2036
1968
1720
1660
1668
1276
996
1024
1484
1164
1316
1064
1028
912
1000
808
928
812
1704
3936
1128
-208
-572
-32
-324
772
276
-96
92
152
504
8
288
356
-48
92
180
20
68
-224
8
60
-280
20
172
-80
84
164
232
160
404
484
476
524
396
400
228
432
580
700
-180
-804
-468
196
216
1176
868
500
1300
1940
2048
116
-2608
300
2636
32767
3924
-6948
-4956
10124
-13244
2912
-2164
-2768
-11284
-14100
-8488
-2980
-692
672
1240
1512
2488
3592
2812
2108
1856
1672
1280
1388
-504
-2788
1080
1672
520
-2996
-2108
-1300
-2100
1116
2316
1640
-1220
-832
232
452
-988
-2068
-2256
-1572
-852
-660
-320
-52
-40
272
192
184
-264
-420
-588
-540
-676
-1020
-1404
-1720
-2024
-1936
-1748
-1552
-1292
-1212
-1556
-1100
-824
-484
-824
-924
-612
-1020
-1396
-1256
-1144
-844
-880
-960
-788
-600
-524
-340
-444
-636
-912
-1188
-1596
-1744
-1640
-1712
-1868
-2100
-2016
-2120
-1880
-1808
-2020
-1836
-1540
-1528
-1052
-632
-268
-252
-252
252
28
-52
-100
-40
-248
-344
-644
-560
-812
-916
-1108
-1272
-1336
-1468
-1440
-1692
-2000
-1812
-1808
-1668
-2632
1396
1292
-844
-836
-616
-412
-136
-268
-476
-572
-680
-652
-776
-1112
-1120
-932
-996
-948
-1032
-1092
-880
-944
-1072
-992
-920
-820
-784
-868
-1096
-1184
-1124
-1424
-1232
-1060
-1068
-952
-1112
-1044
-1148
-1208
-992
-932
-724
-796
-908
1032
-948
-1372
-1092
-1048
-1416
-1268
-1032
-1132
-1104
-928
-876
-912
-956
-1036
-1296
-1132
-336
-1136
-1084
-812
-616
-736
-736
-592
-580
-668
-668
-804
-776
-644
-636
-720
-1008
-960
-1860
-208
-776
-1968
-2200
-1656
-1360
-1240
-1052
-1112
-820
-800
-744
-592
-900
-984
-844
-660
-908
-876
-1220
-360
-356
-832
-608
-600
-504
-588
-704
-600
-476
-452
-1136
-1116
764
-1268
-936
-988
-1308
-1396
-1596
-2716
-1196
972
-4436
-6888
-32416
16256
2596
10028
4868
-1188
-9724
1196
-7100
-1700
1864
-4696
-2328
-3824
276
-2704
-756
-1144
-1828
-2548
-2120
-960
108
-2508
-6396
-5820
-3328
-996
624
-508
-2728
-5388
-4836
-2740
-1896
-2252
-2488
-3112
-3008
-2848
-2692
-2476
-2500
-3140
-2928
-3076
-4852
-4900
-3840
-3588
-3384
-3196
-3220
-4116
-3700
-3548
-2916
-2872
-2848
-2840
-3420
-3820
-3440
-3144
-2836
-2468
-2752
-3016
-2984
-3108
-3128
-3252
-3252
-3296
-3332
-3176
-3012
-2696
-2516
-2268
-2044
-1748
-924
-692
-532
-380
-200
-624
-1280
-1816
-2272
-2712
-2948
-1740
-564
-240
-944
-1444
-1136
-944
-960
-1600
-2484
-3084
-3976
-4436
-4868
-4344
-2744
264
1584
4764
6296
6164
4496
7216
6332
11656
12628
12744
14096
21148
17588
13296
11512
8636
5648
2492
732
-4928
-8004
-12668
-16024
-20348
-23912
-26232
-26556
-26316
-23748
-21000
-17324
-13216
-10336
-8000
-6888
-6508
-6752
-7044
-7188
-7452
-7488
-7752
-7732
-8032
-7864
-7224
-7860
-8216
-4740
-5412
-7036
-6668
-5980
-4904
-4052
-4184
-4464
-4732
-5232
-4972
-4912
-4712
-3752
-3316
-3348
-3380
-3492
-3636
-3616
-3408
-3016
-2372
-1620
-1272
-396
-244
-100
-268
-1028
-816
-1552
-1716
-2200
-1840
-1892
-1676
-1672
-1284
-1444
-1264
-1372
-948
-348
48
628
1096
1468
1108
1280
868
652
120
360
616
252
560
556
396
264
528
832
636
964
416
160
-672
-1004
-944
-968
-412
164
216
712
1000
1256
2076
1928
1332
956
-380
-1088
-1348
-1188
-108
772
1256
1600
1828
1948
1908
1820
1856
1500
1740
1940
1780
1656
1540
1368
1252
1296
1512
1548
1584
1364
956
780
656
484
188
248
244
564
784
1028
1176
1072
872
856
1288
1548
1532
1588
1824
2276
2504
2684
2516
2108
2216
1540
980
1296
2208
3032
2964
3096
2776
2996
2272
1056
480
328
376
-636
-312
-404
-184
848
1212
2020
2796
4160
4320
4988
5044
3296
1508
-1240
-4436
-6112
-8672
-10780
-14220
-17252
-18264
-17984
-15784
-13836
-14144
-11864
-10532
-8468
-6940
-6092
-4628
-2948
-1072
-1556
-648
-976
-1124
-1540
-2088
-2672
-3788
-4476
-5184
-6304
-6520
-5792
-5840
-6116
-5736
-5392
-4924
-4624
-4336
-3396
-3644
-3852
-3676
-3520
-3120
-2936
-3144
-3436
-4724
-6076
-6732
-6812
-6136
-5376
-4904
-3588
-1976
-956
492
1244
1928
1944
1324
500
-920
-1592
-1340
52
1336
2680
2828
2508
1860
744
-116
-296
-744
-588
300
512
728
1660
2532
2724
2940
2640
1912
1408
1148
1160
1100
740
996
864
928
980
1360
1380
1956
2116
1600
1932
1780
1476
1252
672
548
820
912
584
472
1036
1368
1224
1760
1620
1504
1384
1444
1444
1684
1404
1612
1048
1148
1000
924
1296
912
652
1060
972
1104
1032
936
868
1000
1128
1152
896
948
704
732
868
732
604
688
816
688
548
496
468
564
548
368
396
592
768
896
772
628
500
688
668
480
196
80
436
352
320
-20
-148
-88
-508
-1032
-760
848
3436
3348
2468
2040
2596
3620
4320
4552
4596
4984
4868
3716
2016
1860
-1800
-7968
-12808
-18536
-24784
-28896
-32768
-32768
-32768
-28944
-23984
-13868
-9632
-5412
-1792
2692
4348
4412
3256
1464
-952
-2344
-3052
-4200
-3912
-3036
-3012
-3376
-3912
-4116
-4052
-3644
-2968
-2848
-2644
-2460
-2424
-2860
-3096
-2676
-1448
-920
-220
-152
-776
-876
-1400
-1788
-2956
-3444
-3408
-2624
-1620
-576
220
1416
1932
1788
1304
572
176
296
252
212
724
784
836
1028
1144
1436
1652
1468
364
-524
-1392
-2584
-3532
-2648
-1648
48
524
668
312
-164
-256
-952
-1304
-1468
-1336
-480
88
472
636
8
-508
-936
-1180
-1060
-1012
-868
-832
-1932
-2436
-2444
-2824
-1500
-320
24
348
392
512
672
140
-1344
-144
-200
-152
76
204
504
604
564
376
172
-276
-568
-612
-272
-24
524
888
1268
1488
1384
1016
720
800
748
388
204
-400
-184
352
696
872
760
1056
1244
1480
1052
448
472
656
532
448
128
-180
-184
-100
-48
8
196
396
432
228
172
144
352
424
376
328
440
512
360
376
448
440
316
88
156
252
280
364
364
336
204
-32
-124
92
384
592
524
532
648
748
708
844
604
584
552
724
628
376
284
288
4
-700
-1132
-648
-416
324
-112
-28
-396
-304
-260
192
200
520
864
1068
1236
892
944
852
868
572
452
648
1124
1232
1308
1224
908
664
564
372
444
552
432
672
572
584
684
344
308
232
-88
-260
-320
-404
-212
80
504
828
1012
1140
1104
1168
1064
968
1012
792
636
260
136
-60
128
248
320
444
328
156
-140
-176
-272
-548
-456
-448
-24
476
556
872
824
1056
884
748
688
592
316
16
44
216
348
512
508
280
140
-4
-148
-288
-180
-332
-428
-440
-280
-76
152
296
268
292
460
684
716
760
704
616
628
564
452
220
156
144
156
96
100
140
372
460
520
536
456
376
144
-96
-56
-28
140
200
488
508
400
340
104
44
-256
-476
-380
-288
-332
-100
64
8
328
368
592
476
228
416
260
88
0
-204
-436
-440
-444
-388
-264
-192
-128
-164
-348
-376
-552
-512
-736
-324
-216
-212
80
64
60
-52
-112
-256
-300
-564
-536
-516
-328
-244
-84
96
-48
-4
-152
-240
-212
-236
-312
-248
-388
-284
-496
-420
-340
-420
-548
-472
-332
-212
-80
156
364
400
420
652
636
760
1084
1256
1348
1284
1268
1408
1588
1964
2304
2752
3420
3992
4788
5564
6256
7500
8212
8772
9320
9868
10800
11480
12352
13132
14192
15060
15968
17224
17936
18744
19752
18608
17980
17876
17704
17380
15852
13804
10720
8172
6472
3884
1928
-1132
-3656
-7084
-9840
-13208
-15708
-18884
-21340
-24584
-27876
-29392
-31004
-31964
-32768
-32768
-32768
-32768
-32768
-32768
-32768
-32768
-32768
-32768
-32768
-30740
-29056
-27576
-25844
-24844
-23424
-22280
-21640
-20696
-19916
-18976
-17912
-16700
-16060
-15036
-13952
-12996
-12952
-12176
-11500
-11380
-11016
-10568
-9968
-8812
-7980
-7824
-6884
-6580
-4712
-3612
-2232
-1084
28
680
800
1920
2592
2748
2860
2716
2720
3540
4164
4856
5152
6180
6832
7788
8236
9092
9444
9384
9176
9180
8980
9116
9044
9276
9088
8712
8084
7644
7676
8112
8912
9596
10188
11080
12032
12604
12404
12752
13032
13112
13432
13880
16472
12040
14208
13980
13992
14008
14024
15984
15392
16764
17680
17256
16788
16804
16428
15676
15564
14824
14460
14252
14368
14280
14352
14400
14360
14236
14080
13888
13536
13440
13204
13240
13352
13496
13584
13500
13520
13256
13292
13204
13132
12792
12508
12608
12440
12420
12428
12576
12512
12428
12636
12696
12824
12980
13432
14020
14468
15224
16976
13872
16124
15492
14652
14804
13988
13820
14408
14296
13728
13188
13080
13264
13372
13564
12876
13256
13316
13868
14316
15588
16548
15712
13944
12436
10228
8356
6036
4608
2120
-44
-2220
-4860
-7288
-9712
-14604
-16592
-19604
-21580
-21856
-22780
-23420
-23088
-22432
-20844
-18460
-15052
-14628
-14660
-14620
-17808
-21840
-25400
-29832
-32768
-32768
-32768
-32768
-32044
-30740
-28028
-25228
-21616
-19848
-17960
-17104
-16852
-18056
-15992
-16392
-15388
-15376
-14800
-14696
-14024
-13456
-13172
-12452
-12348
-12988
-12712
-12144
-12008
-11524
-12188
-11496
-11660
-11196
-12204
-12668
-12824
-13204
-14472
-15124
-15584
-13676
-13144
-10752
-9712
-9224
-8432
-5152
-7032
-5864
-5024
-5636
-4644
-4704
-5756
-2424
-3672
3764
3360
864
6512
7076
7812
8700
8408
13292
12784
13976
15464
15184
16804
16220
16444
16032
15776
14864
14672
15072
2288
20296
20196
9324
11932
13516
12504
15368
15928
16912
18464
19420
21964
20932
22232
22840
23272
22920
22496
22084
21660
21172
20476
20052
19408
18976
18644
18448
17992
18008
17752
17604
17496
17224
17080
16952
16856
16884
17168
17204
16900
16692
16588
16368
16160
15948
16184
15872
16532
16528
16792
17700
17684
17592
17444
16956
16484
16220
16208
16432
17436
17140
17868
18400
18008
16600
16440
17200
17312
17116
17396
16768
16676
16228
15460
14860
14164
12560
12252
11636
10496
9308
6900
4820
2520
1588
908
-804
-2836
-6192
-8736
-12612
-15840
-17840
-20112
-20604
-21848
-23500
-24560
-26072
-25664
-24920
-23980
-22420
-23492
-23552
-24860
-25964
-27756
-29512
-30576
-32008
-31072
-32052
-31524
-29716
-27664
-25348
-19760
-14960
-10484
-8156
-7608
-7144
-7444
-8232
-9176
-10128
-11132
-11740
-13724
-15188
-15444
-15400
-15272
-14812
-14108
-13368
-12780
-12852
-12640
-12604
-12308
-11732
-10460
-9636
-8384
-7576
-5392
-4208
-3188
-2136
-1084
-396
-344
356
636
900
1416
-132
-3860
4772
1160
4180
3352
1388
3352
8116
5016
5864
6544
6396
7036
8212
8504
9448
8728
8796
10116
11220
11752
12880
14020
13828
13716
14980
15324
16032
14996
15980
14100
13084
-1792
29972
26456
10008
18492
16072
15384
16672
16336
16256
16416
16844
17440
16108
18120
16888
17160
17048
17204
17084
16804
16900
16436
16516
16184
15788
15704
15464
15408
15176
15068
14880
14836
14680
14760
14780
14976
14932
14892
15040
15328
15676
16032
16024
16108
16440
16412
16324
16168
16244
16288
15556
15632
14716
15064
14256
14052
13724
13636
14076
13968
14460
14728
14892
15300
15176
14912
14816
14568
14180
14172
14140
14136
14728
15028
15188
15132
14776
14308
13832
13608
13540
14256
14664
15560
15436
14984
14512
14832
14972
14540
4712
15284
21468
17600
13880
13532
15920
16116
17532
20488
19380
17444
18236
16500
13128
12868
14220
14952
15172
12740
12052
11852
12476
12704
11436
10936
11208
11076
11204
12008
12336
12796
11432
10744
11816
11716
12944
12336
11712
11728
11376
11972
12104
12188
13216
11492
11976
13544
10068
11732
12608
6792
6972
4848
272
844
2676
5376
8252
11068
12528
12468
11960
10348
7700
3640
3384
3656
2452
1260
2384
5008
9308
11488
12228
9724
8948
8860
7952
8632
32767
32767
16396
7660
-1680
13908
12864
10120
6852
5060
4580
6004
9272
9852
10816
9844
11180
11248
12252
11732
10792
11584
11632
11396
11920
12216
11784
12232
10860
12748
8148
11952
10492
8620
8288
11320
10340
9748
9892
9188
8484
10412
9032
10644
13040
12100
8608
10748
11080
12212
20672
-14336
18400
13632
11056
11312
6228
8924
15836
16356
11076
10732
14700
12548
11272
12644
12404
11448
11708
12060
13028
13748
13888
13720
13356
14092
13732
13300
12792
10788
9292
9036
9452
10364
10860
11580
12320
12456
12708
12488
12344
11756
11592
11536
11496
11692
11296
11668
11888
12136
12404
12468
11976
11188
9888
9068
8600
8432
9460
10280
11536
10000
10468
11340
10096
9852
9616
8792
9288
4764
10108
12264
12332
11856
11340
11312
11668
11744
12072
12052
12492
11948
11664
11600
13092
9140
6676
8644
10020
9768
10836
9848
9724
9088
9020
9124
8848
9524
8996
8528
8536
9732
9776
11312
10876
12212
11384
11840
11980
12500
12472
12208
13748
12120
11960
11660
13464
12876
13208
13616
13056
12472
12292
11344
10848
10448
10148
9680
9580
10440
11276
12236
11960
11824
10952
10004
8944
8084
6520
5072
3324
2324
2548
1308
196
-480
-1680
-2712
-3756
-4012
-5100
-6472
-7752
-14820
-8080
-6956
-13168
-15300
-16876
-17280
-17188
-18044
-14400
-11812
-7748
-4256
2224
4852
7828
7172
10476
8280
9536
8008
7776
7096
5884
4644
3052
1976
1388
1096
1284
3536
4664
5880
6732
6980
6820
6972
7432
7548
7956
8404
8820
8864
8792
8712
8560
8172
7716
7156
6800
6212
5516
4880
5176
4544
4012
3748
2408
2084
1524
1032
544
-192
-852
-1220
-1896
-2392
-2728
-2256
-1768
-1424
-1304
-680
1328
2888
5296
6820
8756
9460
9708
9604
8692
6640
4672
1456
-500
-1836
-3476
-4036
-4356
-3836
-3340
-1900
-132
1464
3800
5236
6284
7392
8084
8548
9084
9320
9680
10092
10392
10360
9872
8932
8516
8520
8396
8064
8008
8324
8480
8540
8548
8520
8572
8412
7760
7084
6196
5780
5288
4860
5016
5020
5072
5108
5388
5572
6328
3728
9896
6548
8452
8976
8476
10088
10120
10464
11864
11836
12172
12936
14276
14672
15104
15136
14760
14800
14248
14180
14360
13896
12820
11920
11108
10540
9052
7748
6228
4256
3104
2124
2168
1452
856
924
1364
1708
2432
904
1812
-2956
-5592
-7952
-11504
-13976
-15228
-16924
-17464
-18292
-19048
-19004
-20056
-20384
-19576
-19064
-19576
-20828
-21096
-21544
-18252
-15068
-10028
-6096
-1036
1880
6384
6644
9932
9432
9576
7852
5876
3968
3112
1748
1396
2496
2760
3792
5776
7248
7448
8036
9624
9088
9356
11716
7916
12784
9716
8648
10404
10996
9968
9952
10780
10608
10404
10208
10428
9932
9868
9952
9716
9364
8988
8748
7832
7232
6216
5360
4744
3544
3392
2644
2200
2552
2996
3700
5080
5956
7344
8300
9248
10064
11360
10568
11260
11572
11232
10332
10512
9968
9364
8992
8912
8656
8856
9044
9004
9044
8600
8320
8628
9132
7464
7124
6340
5544
5588
5640
5792
6156
6744
7104
7856
8028
7876
8024
8536
8648
8420
9056
9380
9296
8772
8732
8704
8392
7936
7948
7880
7628
7712
8100
8216
8332
8636
8128
7252
7040
6700
6692
6164
5584
5428
5292
5620
5596
5104
5240
5472
5584
6324
4144
6784
5640
4388
5212
6500
5680
5424
5460
5196
5012
5340
5724
5900
6292
6952
6912
7336
7404
7684
8840
9164
9548
10540
11056
11392
11856
12784
13452
13744
13648
13692
13188
12300
11484
10028
8720
8168
7152
7044
6560
5956
4808
4436
4408
4580
3888
3548
3440
2204
1196
296
-1680
-3644
-7200
-10332
-15444
-21544
-25884
-29144
-29756
-30468
-27108
-24148
-21488
-19520
-15660
-12968
-10172
-8180
-4732
-2284
1536
4168
4668
952
-328
-1108
184
1380
2824
3948
5640
6724
7028
10764
10544
10524
9232
7428
5252
3940
4360
5308
5700
7192
8092
8844
9896
10484
10908
11376
10940
11340
11564
10948
10964
10600
11684
9792
10132
10028
10552
9544
9176
9088
9108
8444
8144
8716
7760
8332
8364
8172
8024
7712
7480
7444
7524
7280
6944
7472
7528
8076
8060
8372
8712
9664
10584
11708
12228
13180
13656
13744
13440
13232
12488
12528
12608
12800
12872
12536
11756
10736
10460
10624
11084
11576
12056
12632
13060
12740
12876
12360
12380
12124
11248
11084
10784
9736
9072
8932
9772
10772
11972
12996
14472
15576
15756
15572
15760
14888
13928
11552
12892
11728
11228
10752
11168
11296
12624
10360
11236
10592
10952
9868
9872
9356
11600
12708
14444
14388
15328
14920
14864
14444
13340
12776
12880
13148
12716
12604
12216
12200
11820
11536
11056
11556
11296
11368
11724
11544
11188
11044
11288
12232
12464
13016
13160
13496
14188
14452
14284
13796
13188
12520
11924
11648
11764
12180
12796
12904
13200
13164
13092
12880
12664
12528
12740
13012
13260
13568
13764
13928
14088
14404
14916
15452
16236
16180
15488
15216
15156
14828
14904
15340
20004
14856
15828
18252
19680
11988
13748
12020
13752
14816
12612
14096
13044
11640
14112
12960
13396
13724
13520
13752
13676
13552
13676
13352
13536
13184
13296
13616
13984
14564
15108
14804
14840
14696
14668
14612
14244
14116
14556
14552
14564
14724
15200
14904
14828
14872
14772
14564
14304
13836
14052
13852
14220
15292
15040
14372
14308
14348
14052
14636
14748
15096
16324
15780
17076
16748
17848
16848
16112
15152
15264
16476
16712
16724
16540
16340
15508
16968
16756
16104
15436
15280
15444
15236
15568
15492
16000
16372
16684
16836
17160
17308
17068
16820
16868
16900
17296
17664
17708
17528
17108
16632
16372
16056
16100
16240
16116
15764
15592
15844
15292
14172
13256
13836
14944
15256
14936
14916
14284
13788
13808
14544
14768
14884
16088
17712
17852
17828
17600
16928
16328
15404
15172
15632
9716
11976
17232
17628
14660
13672
13888
14492
14644
14696
16640
16692
16216
17204
17268
16796
17744
17976
18236
16520
16008
16848
17404
17212
16848
15976
16068
16140
16280
16036
15948
15504
16224
17660
16908
14912
15124
16512
17096
15520
13996
13948
13464
13924
11380
13572
21072
19324
15380
16740
18888
18272
15188
9208
10712
25396
22092
11720
14484
11828
10884
12536
6364
10420
28136
20284
11164
16240
21552
15236
20680
11976
16808
17004
22244
16472
24912
16820
3708
17576
7588
-744
984
15124
8280
9568
19552
-32768
-3220
14076
10008
8656
4216
4504
4372
20
-1664
2936
7492
11604
9632
5804
2464
832
-4084
-1660
5476
9864
9516
2660
2620
5936
10092
13164
1868
-6596
-5768
-4404
-6832
-11728
-13172
-18388
-20632
-21756
-26328
-24000
-26428
-30872
-31656
-32768
-32768
-32272
-30044
-28652
-28596
-28116
-31032
-32768
-31840
-32624
-32768
-30860
-31212
-32768
-32768
-30948
-30216
-31508
-27196
-28356
-28372
-26528
-27416
-28656
-26248
-23188
-21304
-20196
-17576
-16812
-26304
-23380
-5024
-6692
-7668
-2680
-3980
-8020
-8672
-5880
-17108
-7768
-3440
-6160
-8968
-19932
-8956
-11556
-6656
-5056
-9044
-10156
-10060
-11552
-11500
-9072
-6660
-4500
492
80
-940
-2884
-4624
-4616
-388
3136
3968
3520
2260
1712
2704
5332
8740
10220
11644
12572
14328
14376
14024
13988
13584
13340
12828
14024
17256
19848
22308
25724
27328
27276
25172
22008
19392
16236
13972
13672
13508
13896
14552
13996
13936
14784
15356
15424
14624
13712
13992
14348
14568
14972
15260
15500
15800
16372
16852
17472
17764
17928
18164
18712
19480
19456
18168
16672
16644
16876
17024
17500
18396
19448
18784
16444
18544
19504
20564
19744
21276
18476
20732
21760
19476
19128
21580
21440
20096
19540
20172
20804
21032
20712
21140
20800
20724
20812
21404
22364
24060
24592
24060
22576
21284
19812
20852
22204
22528
21348
20040
19060
19400
19068
17032
12908
20196
30420
32767
31768
21308
9968
12364
20972
20024
20972
21160
19996
16432
11580
3776
7356
10420
6824
-1628
-2128
648
1584
660
-3124
-9304
-11840
-12312
-11368
-14728
-16168
-15272
-14580
-13868
-16688
-19508
-19680
-17216
-17300
-18796
-20680
-18776
-23968
-23608
-25452
-26076
-25524
-24228
-22968
-21556
-22048
-25484
-26884
-27896
-27284
-25120
-26312
-27860
-28844
-29272
-26956
-26976
-26240
-25712
-25812
-25696
-25024
-25480
-24588
-23876
-23620
-22852
-22072
-21452
-20628
-19708
-18808
-18016
-17332
-17056
-16212
-14820
-13756
-13468
-11660
-11492
-12140
-10740
-10824
-9936
-10456
-8516
-7996
-7536
-6960
-7080
-7296
2620
-9972
-8468
-3340
-1124
1900
2836
4116
5692
6912
9348
9888
12052
12800
14144
14744
14660
14884
13228
15148
16140
17252
17932
17652
17092
16072
15776
16616
17156
17504
17772
17488
16840
15828
14000
12960
12556
11776
11128
10596
10608
11360
11620
11088
11996
14212
16152
16872
17360
17456
17128
16592
16212
16296
16340
16816
17708
18388
18356
18592
19380
20016
19740
19288
18036
17436
17700
17372
16556
16564
17372
17832
18336
18128
18068
17880
18384
18240
18804
19496
19924
19940
20148
20968
21384
21468
22420
22556
22408
22548
22912
23540
23668
24292
24892
25364
26028
26328
26464
26332
25920
25464
24752
24448
24692
25620
26888
28108
27796
26392
25120
24472
24652
26388
25488
26640
24092
24052
20900
18496
19232
17892
17384
17816
12668
12364
15832
6240
2020
4144
10000
12676
11652
11080
12756
12720
12076
13032
12464
11160
8664
4156
1184
-1008
-2200
-3024
-4804
-9300
-12052
-15148
-17720
-19732
-20384
-22244
-26052
-31812
-32768
-32768
-32768
-32768
-32768
-31624
-29376
-28988
-26816
-24588
-23272
-20588
-18792
-16908
-17004
-17360
-9816
-22620
-14100
-16580
-20400
-18540
-19924
-20372
-20068
-20584
-21648
-20308
-19488
-20996
-21008
-19192
-19132
-17084
-14380
-12084
-6176
-7848
4880
4084
3620
6980
6188
5684
6560
6836
7868
7812
5180
4972
2024
-200
-1636
-2896
-3212
-4628
-3616
-1460
-5596
-6428
-4800
-1240
384
1144
1284
1320
2396
2944
3368
3296
3892
4556
4320
4900
5172
5272
4768
4852
5060
4896
3184
3092
2464
1256
132
-1552
-2028
-1576
-2172
-2744
-2772
-2396
-1556
-496
68
564
1552
896
128
152
1440
2148
3228
5460
8928
13896
16020
18336
19812
20952
23156
26308
26112
23636
21364
18584
16620
14744
13332
13276
13528
15052
16048
17696
19272
20708
20956
18932
19752
22748
18732
18576
18396
15412
13884
17300
19000
20068
20312
20688
20288
19000
17992
17560
17364
17204
16812
16976
17068
15584
14764
14588
13996
13160
12176
11732
12156
12824
13340
13720
13900
13044
12400
12292
12312
11688
10480
11816
12980
13672
14052
15076
15444
14812
14804
14204
14120
12892
12592
13128
13628
13556
13096
12908
11768
11788
11284
11872
12060
11652
11612
10624
9028
7844
7768
7888
8348
9016
10876
11720
11716
11596
11692
12004
11756
11272
10220
9444
9800
10696
11708
12084
11812
11324
11992
11596
11364
12420
12804
7888
11028
8864
7372
6996
7052
7288
7316
7472
7380
7472
7652
7696
7808
7968
8928
9944
10448
10268
12228
10976
10528
10760
10532
10492
9856
8968
8220
7300
7324
7468
7896
8320
8680
8760
8416
7820
7236
9492
7500
6312
6552
6120
6788
6948
7528
7576
5736
5080
6128
7204
5468
3936
6428
7384
7124
6460
6620
6524
6336
6124
6360
6552
6012
5472
5016
4996
4504
4396
4816
5892
6216
6068
6252
6696
6752
6840
7028
7004
6356
5824
5856
5764
5376
5532
5012
4280
2908
2100
1900
2576
2672
2748
3392
4596
3756
5780
5632
5772
6452
6936
7036
7208
7312
7476
7136
6620
6364
7732
4652
4148
2672
2576
2848
1960
2572
1560
1492
1596
244
-276
-608
-760
-204
-180
-596
-1292
-1296
-1240
-496
-312
-744
-340
1436
532
1248
2128
2084
2968
4268
3932
3184
5476
4320
3724
5912
6584
4644
4820
7276
5988
4872
5280
3920
5140
5368
5260
5360
5544
5484
5540
4552
5660
5120
4808
6084
3540
3416
3160
2960
2520
2628
2364
2052
1752
1648
1988
904
-68
-292
-184
-56
-400
-1104
24
-192
-812
-860
-552
-1360
-928
-736
-1496
-1048
-1280
-1616
-1228
-1124
-940
-360
816
940
1152
1264
1660
2128
1772
1244
1252
1180
1448
1956
1992
1860
1744
1940
2160
2880
3628
4144
4324
4764
4412
3884
3984
3516
3068
3456
3744
3924
3656
3440
3512
2696
3356
3444
2772
2528
3352
3308
2956
3108
2376
2648
3080
3888
4252
4296
4240
4084
3568
3200
2184
1208
776
964
1104
1468
1572
1376
604
212
944
1404
1536
1368
660
-184
-1524
-2248
-3188
-4624
-6248
-7324
-7204
-7244
-8004
-8336
-7564
-6576
-5600
-5584
-6148
-6984
-7004
-6884
-6652
-6032
-5528
-5356
-8548
-8248
-5620
1924
-4084
-1184
1108
1384
808
2528
1588
2104
-216
336
-656
-492
-1796
-1404
-1728
-524
-796
96
-368
56
40
12
-4
-644
-1152
-1752
-2172
-2880
-3628
-3684
-3036
-2768
-2524
-2604
-2436
-2200
-2020
-1968
-2304
-1872
-1784
-1284
-932
-776
-444
-520
-644
-672
-660
-668
-928
-988
-1192
-1004
-932
-952
-1200
-1384
-1400
-712
-1164
-476
-396
-1592
348
-1220
540
-3360
-824
-4096
-240
-4644
-364
-1652
980
-452
960
196
1904
-1456
-364
-108
-532
-20
-244
532
424
1028
816
-148
-400
-364
-152
-488
-400
-184
20
304
612
1044
1148
1112
1216
1264
1240
1240
1176
1028
912
736
524
96
-272
-504
-816
-1088
-1328
-1212
-840
-344
-140
360
1152
1340
1604
1772
1792
1688
1676
1436
1348
1024
768
500
464
356
412
20
-828
-900
-1668
-1696
-1624
-1072
-1304
-1104
-548
-24
-80
276
568
400
764
1744
164
1200
1260
1892
2432
2260
2212
2228
2020
1784
1532
1384
1592
1384
1144
820
868
808
656
360
152
652
-536
1328
1564
1820
2136
2420
2892
2780
3144
3544
3888
3912
3956
3872
2384
1476
932
656
1744
2944
784
536
1784
2252
2092
2344
1680
2700
2776
2900
2228
1228
1036
1540
2008
2060
2164
2052
2120
2188
1940
1864
1184
748
1256
1236
2292
2636
2540
2816
2716
2692
2808
3132
2840
3492
3680
3532
3740
3520
3168
3360
2900
2420
1756
1804
1816
2224
2512
2916
3128
3076
3056
2876
2688
2556
2384
2152
1944
1872
1684
1620
1684
1704
1640
1540
1388
1328
1184
1180
1328
1360
1388
2012
2120
1648
1632
1796
2280
2364
2288
2152
2240
2404
2368
2220
2776
2468
1836
2068
2364
2596
2808
2616
2404
2448
2088
2132
2012
1924
2000
1984
2000
2244
2256
2252
2272
2488
2568
2572
2408
2300
2228
2212
2272
2168
2388
2504
2652
2496
2128
1896
1736
1580
1380
1112
1184
1340
1668
1864
2096
2396
2276
2160
2376
2124
2096
2304
2412
2044
1812
1800
1552
1468
1520
1436
1324
1548
1904
2104
2252
2432
2568
2732
2608
2640
2572
2420
2456
2468
1844
1388
1552
1808
1976
2504
2636
2688
2636
2848
2644
2500
2216
2264
2184
2264
2308
2380
2652
2804
3000
3076
3036
3008
2996
2976
2908
2872
2828
2908
2964
2884
2740
2876
2748
2440
1760
1604
1292
1072
1100
1008
1344
1664
1704
1488
1392
1848
2392
2668
3436
3244
3412
3392
3544
3544
3196
2728
1956
1780
1932
2128
2252
2272
2040
1964
2196
1956
1688
1680
1844
180
3896
2996
3104
2820
3076
3220
3380
3756
3872
4088
4208
4136
3980
3884
3844
3460
2896
3728
3780
3652
3312
2952
2340
2228
2012
2264
2080
2048
1908
1876
1816
1876
1736
1944
1520
1696
1768
2000
2108
2232
2308
2348
2308
2424
2400
2488
2036
1512
2696
2644
2736
2316
2076
1956
2000
1968
1576
1760
1268
1280
1588
1432
1588
1328
2128
2020
2012
1700
1624
1380
2880
1852
2448
2732
2368
2412
2388
2624
2776
2876
2980
2928
2872
2880
2836
2844
2812
2832
2812
2664
2612
2620
2784
2640
2700
2636
2636
2548
2452
2360
2372
2192
2124
1992
1904
1912
2112
2224
2232
2244
2176
2148
2200
2064
2088
2124
2112
1960
1808
1828
1900
1944
1960
1764
1768
1756
1636
1668
1636
1796
1756
1768
1800
1812
1756
1704
1672
1532
1436
1456
1328
1144
1096
1088
1180
1304
1420
1572
1644
1780
1764
1992
1836
1956
1760
1792
1724
1636
1484
1368
1468
1640
1820
2148
2252
2152
2080
2088
2084
2228
2304
2388
2540
2688
2592
2392
2316
2320
2152
2248
2268
2216
2324
2296
2420
2372
2384
2208
2096
2012
1876
1752
1968
2024
2160
2228
2380
2376
2364
2416
2336
2300
2180
2016
1952
1640
1500
1784
1892
2268
2444
2468
2592
2488
2548
2436
2236
2028
1896
1632
1840
2156
2416
2524
2604
2552
2520
2372
2248
2304
2300
2200
1972
1848
1820
1796
1872
1960
2268
2268
2408
2552
2516
2504
2292
2164
1932
1952
1928
1860
1876
2016
2136
2248
2340
2244
2296
2336
2344
2244
2432
2452
2628
2464
2428
2424
2208
2164
2024
1956
2016
1916
1960
2192
2136
2128
2012
2124
2224
2204
2196
2148
2184
2136
2108
2200
2144
2168
2024
2100
2084
1948
1948
2016
2028
2036
2052
2168
2196
2172
2264
2180
2176
2252
2304
2284
2300
2348
2312
2120
2108
1892
1768
1804
1764
1960
2204
2092
2108
2036
2176
2140
2280
2244
2308
2336
2360
2252
2224
2240
2000
2008
1904
2024
2000
2032
2100
2064
2044
2060
2240
2152
2180
2268
2208
2244
2204
2140
2024
2132
2216
2284
2096
2140
2100
2132
2264
2168
2100
1880
1892
1996
2040
2184
2176
2200
2340
2324
2348
2168
2040
1880
1732
1724
1884
2048
2160
2220
2316
2404
2352
2352
2176
1820
1572
1760
1884
2212
2244
2344
2524
2416
2424
2416
2476
2380
2376
2168
2116
2096
2140
2008
2140
2032
2108
2140
2140
2188
2236
2376
2520
2488
2444
2484
2488
2324
2340
2316
2360
2424
2448
2532
2492
2568
2356
2380
2328
2340
2188
2188
2272
2304
2404
2380
2256
2224
2112
1940
1796
1552
1424
1452
1600
1812
1800
1828
1900
1892
1784
1884
2084
2180
2136
1972
1888
2032
2140
2188
2208
2116
2136
1932
1968
1764
1472
1388
1600
1700
1632
1524
1896
1992
2084
2008
2116
2144
2228
2252
2260
2688
2724
2600
2368
2548
2416
2284
2436
2336
2332
2268
2144
2156
2172
2304
2424
2444
2420
2296
2020
2056
2080
2264
2228
2064
2164
2220
2188
2060
2116
2648
2480
2800
2824
3380
1236
1620
2440
1676
1868
1608
1820
1976
2244
1976
2004
2172
2216
1908
2776
1876
2608
2264
2512
2432
2280
2080
2008
2060
1904
1824
1588
1328
1724
1620
1868
2104
2164
2352
2320
2312
2272
2332
2372
2232
2272
2120
2308
2416
2512
2408
2588
2516
2532
2624
2492
2636
2704
2544
2576
2428
2508
2472
2388
2532
2568
2324
2444
2448
2460
2268
2352
2432
2268
2368
2476
2336
2220
2192
2112
2208
2252
2308
2348
2304
2344
2268
2228
2144
1984
1916
1980
2060
2084
2160
2180
2244
2268
2220
2340
2272
2196
2216
2228
2152
2020
2000
1992
2052
2024
2096
2076
2220
2088
1872
1828
1772
1852
1904
1924
1956
1964
1828
1636
1540
1672
1620
1792
1752
1880
1956
1932
1956
1868
2000
2048
2104
2184
2084
2152
1988
2048
2176
2260
2412
2360
2432
2364
2320
2260
2296
2344
2496
2556
2552
2776
2824
2852
2724
2788
2800
2628
2448
2292
2208
2296
2176
2116
1940
2044
2000
2048
2172
2364
2440
2552
2504
2376
2340
2304
2268
2328
2268
2324
2488
2476
2384
2420
2356
2320
2136
2160
2356
2508
2504
2592
2520
2548
2484
2508
2560
2488
2556
2524
2620
2660
2740
2928
2980
2952
3228
3308
3536
3336
3368
3556
3200
3168
3140
3052
3788
3184
3032
3096
3080
2816
3412
3580
3648
3596
3556
3644
3612
3468
3532
3452
3512
3504
3584
3724
3752
3328
3248
3208
3388
3668
2568
3504



