-2388
-2508
-2568
-2532
-2552
-2520
-2344
-2440
-2520
-2524
-2364
-2280
-2128
-2200
-2032
-2136
-2088
-1848
-1952
-1924
-2100
-2024
-1792
-1904
-1940
-1804
-1936
-1984
-1836
-1864
-1896
-2048
-2048
-1948
-1864
-2064
-2044
-2116
-2252
-2324
-2264
-2344
-2412
-2248
-2128
-2284
-2216
-2192
-2400
-2264
-2172
-2180
-2260
-2232
-2260
-2212
-2332
-2304
-2128
-2264
-2472
-2396
-2448
-2380
-2340
-2288
-2152
-2044
-1856
-1744
-1984
-2112
-2016
-2176
-2220
-2308
-2124
-2100
-2220
-2060
-2172
-2212
-2272
-2300
-2264
-2148
-2016
-2020
-2016
-1916
-1968
-2068
-2092
-1952
-2044
-2060
-1940
-1980
-2120
-1984
-1992
-2076
-2028
-2052
-2036
-1932
-1868
-1920
-1980
-2048
-2116
-2096
-2124
-2336
-2084
-2192
-2268
-2364
-2260
-2160
-2248
-2288
-2196
-2112
-2304
-2160
-2092
-2064
-2212
-2264
-2160
-2168
-2208
-2236
-2096
-2048
-1992
-1940
-2056
-2072
-2160
-2312
-2088
-1984
-2184
-2148
-1888
-1476
-1388
-1464
-1808
-2028
-2032
-1908
-1816
-2072
-1796
-1348
-1080
-1348
-1748
-1536
-1276
-1108
-1052
-964
-1152
-1044
-500
-168
16
-204
-356
-512
-752
-996
-1708
-2148
-2528
-2660
-2508
-2272
-2220
-2052
-1788
-1696
-1708
-1888
-1956
-1820
-1884
-2164
-2400
-2552
-2532
-2456
-2680
-3252
-3064
-2528
-2296
-1984
-1432
-1428
-1708
-1880
-2160
-2304
-2972
-3708
-4352
-5580
-5636
-3740
-2392
-2344
-2724
-2384
-1944
-2352
-3388
-4312
-7280
-8316
-8488
-8152
-8040
-8420
-7896
-7276
-6904
-5628
-4804
-4960
-5616
-5764
-5560
-5952
-5944
-6256
-7072
-8620
-9896
-10852
-12144
-12004
-12608
-13272
-13844
-13896
-13596
-13528
-13108
-12248
-11356
-10396
-9032
-8304
-8620
-9540
-9844
-10320
-11032
-11416
-11256
-11604
-11512
-11252
-11696
-12324
-12860
-14544
-15804
-15700
-14928
-15072
-15664
-15728
-14948
-14516
-14868
-14532
-14320
-14276
-13616
-13352
-13388
-13536
-13500
-13464
-13184
-12076
-11876
-12200
-11932
-12476
-13148
-13948
-15000
-15404
-15588
-15248
-14828
-13460
-12832
-13032
-13476
-14648
-14844
-14300
-13848
-13520
-12832
-11832
-11716
-10972
-10112
-9572
-10200
-11756
-11900
-12896
-15008
-15468
-16284
-16800
-14936
-12692
-13560
-13208
-12256
-11964
-11848
-8816
-9152
-9716
-9732
-9216
-8396
-8660
-9884
-10328
-10628
-10560
-10040
-10084
-10448
-10500
-10156
-8228
-9008
-10960
-9676
-8448
-10608
-12056
-11256
-12492
-15296
-13716
-13992
-14420
-15768
-15928
-15992
-16868
-17720
-18172
-17992
-20212
-20516
-21332
-22568
-22572
-22780
-23088
-26020
-25300
-25204
-26744
-25740
-26460
-26252
-26280
-26300
-26528
-25748
-26188
-26316
-26252
-26644
-26976
-26880
-27340
-27600
-27836
-27472
-28476
-29796
-31308
-32456
-32768
-32768
-32768
-32768
-32768
-32768
-32768
-32768
-32768
-32768
-32416
-28408
-26244
-26152
-24704
-24648
-24448
-24372
-23100
-22268
-22052
-21904
-22920
-22600
-20672
-19596
-19356
-18780
-18216
-17260
-16272
-14804
-13644
-12348
-11500
-9600
-8032
-6948
-5352
-4060
-2304
280
1356
1588
1828
1336
4008
7584
8528
7228
4816
2620
3996
4132
4476
4012
2524
1104
600
476
-124
-356
-256
432
752
588
696
556
604
768
280
-560
-1944
-2456
-2364
-1760
-924
-348
156
416
636
-168
-280
-324
-580
-396
-396
-276
-680
-1332
-1100
-1024
-724
-444
-428
-688
-1012
-1516
-1020
-616
-1128
-1292
232
-1240
-2180
-2516
-1988
-1552
-760
-204
40
256
344
1176
1204
1072
2912
4332
3472
2360
1880
1128
860
1032
1448
1460
1400
2220
2940
2920
2508
2664
3452
5036
6256
7040
7068
6084
5296
4984
5056
4896
4212
4172
5824
9412
11820
15548
18316
18408
20344
15788
15404
19488
19116
17484
14220
13288
11920
9000
3804
-2092
-6440
-7536
-3992
5924
9364
6500
-68
-4084
-6812
-9640
-12428
-17908
-21064
-23320
-27080
-30708
-32768
-32768
-32768
-32768
-32768
-32768
-32768
-32768
-32768
-32768
-32768
-32768
-32768
-25644
-20560
-15356
-8280
-6844
-8544
-12096
-9524
-9808
-14988
-21296
-26340
-30876
-32768
-32768
-32768
-32768
-32768
-32768
-32768
-32768
-32768
-32768
-32768
-32768
-31060
-29620
-28476
-28100
-28560
-28228
-30756
-25872
-26700
-29272
-30824
-32768
-32768
-32236
-29336
-27760
-24288
-19848
-16152
-14640
-10252
-7540
-5896
-4196
-2476
-764
3020
3312
3504
6888
5920
3596
2260
928
-216
-976
-2084
-3104
-3300
-2400
-1924
-2504
-1228
480
572
516
220
-36
460
1236
1980
1480
-332
-1076
-1312
-1392
-1444
-1388
-2300
-3356
-3920
-3676
-3132
-2920
-3712
-4656
-6076
-6820
-6932
-6068
-4672
-3124
-2052
-2064
-2764
-3776
-4248
-4188
-3828
-3912
-4368
-5128
-5956
-6884
-7448
-7900
-8584
-8852
-8396
-7392
-6360
-5552
-4932
-4160
-3652
-3616
-3712
-3744
-3680
-3420
-2124
-1000
-288
-620
-948
-2072
-3920
-7088
-9216
-10956
-13132
-13056
-11444
-9636
-6972
-4564
-3608
-3148
-2768
-2044
-1620
-884
172
2332
4836
7164
10824
13600
16444
17720
18460
17356
15456
14016
13476
12636
12580
11460
10196
10640
11308
11244
8588
8196
7896
6432
5860
4492
2112
876
-640
-2744
-4040
-5528
-7312
-13300
-17792
-21816
-25280
-30616
-32768
-32768
-32768
-32768
-32768
-32768
-32768
-32768
-32768
-32768
-32768
-32768
-32768
-32768
-27148
-20820
-18136
-14608
-11996
-11400
-11424
-13152
-13676
-17460
-19448
-23256
-26768
-30060
-32768
-32768
-32768
-32768
-32768
-32768
-32768
-32768
-32768
-32768
-32768
-29464
-24404
-20108
-17820
-16568
-16544
-16380
-16700
-18368
-20760
-23432
-25452
-28168
-30664
-32768
-32768
-32768
-32768
-28536
-23028
-20688
-20432
-20748
-21668
-20980
-17896
-13836
-10944
-9220
-10108
-12212
-13040
-13220
-12652
-11048
-9664
-10368
-10152
-10552
-11960
-11184
-7676
-7232
-6560
-2572
-3032
-3884
-1816
-52
2392
2976
4536
8152
9780
8112
4828
2764
964
1452
1552
-2792
-5044
-6640
-9024
-9676
-8124
-5688
-3264
2892
4832
5912
7476
9216
8448
7020
4676
564
440
-1156
-4336
-5408
-5124
-3960
-2060
400
3060
3220
2928
1080
-388
-624
2008
3084
3100
1608
-2148
-7436
-9476
-10772
-10956
-11204
-9144
-8216
-7836
-6768
-4340
-3632
-3816
-4100
-4728
-5636
-5324
-5452
-5904
-6040
-7376
-8552
-9864
-11216
-13640
-14092
-14108
-13356
-11940
-10804
-10032
-9280
-8772
-8404
-8300
-8632
-8960
-7664
-6188
-5324
-5156
-5364
-5252
-5728
-6256
-5880
-5244
-4400
-4200
-4872
-6568
-8712
-10548
-14316
-14804
-13300
-10020
-9780
-10780
-6792
-6972
-8332
-10176
-7924
-5056
-3348
-4112
-5844
-6984
-7460
-5632
-6072
-3492
-3224
-3952
-5192
-4448
-4472
-6872
-8196
-9940
-11320
-11720
-11364
-10896
-11256
-10324
-9960
-8796
-8720
-8560
-8848
-8380
-8460
-7968
-7712
-7184
-6020
-5712
-5712
-6468
-6524
-5900
-5904
-6128
-6436
-6204
-4692
-4496
-6908
-8964
-10648
-11764
-12664
-13176
-12868
-11912
-11020
-10212
-9316
-8916
-7676
-6208
-5656
-7124
-8168
-7520
-6756
-6224
-7160
-7848
-8120
-7960
-8116
-8308
-8744
-8868
-9036
-9788
-10148
-10196
-9960
-9288
-8932
-8420
-7940
-7792
-8504
-8524
-8420
-7692
-6276
-4808
-3416
-3904
-5624
-6584
-6644
-6372
-6192
-6680
-7396
-7852
-7188
-6612
-6672
-7236
-7768
-7612
-7596
-8104
-8600
-8784
-8584
-8412
-7808
-7088
-6376
-6080
-6264
-6512
-6520
-6252
-6064
-5440
-6476
-6188
-5120
-4228
-4688
-5152
-5652
-5556
-5756
-7164
-8560
-9180
-9132
-9052
-9640
-10396
-10180
-9548
-8932
-8728
-8944
-8684
-7836
-7240
-7484
-7936
-7428
-7088
-7416
-7284
-7204
-7304
-7460
-7088
-7892
-8152
-7956
-7608
-7308
-7184
-7104
-6644
-5360
-4804
-3832
-2356
260
1920
2636
3180
4800
7916
12316
11512
11868
14584
15076
13708
11464
7792
6692
6232
4392
2148
980
636
-660
-4020
-6592
-9668
-12132
-14868
-18780
-21364
-24284
-25540
-25956
-27184
-25880
-21540
-19000
-14564
-14224
-15552
-10912
-13852
-13228
-10284
-9748
-9100
-10756
-13564
-12920
-12648
-13228
-12940
-12248
-12036
-11876
-10812
-9808
-10688
-10884
-10104
-9792
-10500
-11224
-12108
-13000
-13716
-13380
-12276
-12220
-12856
-12932
-14336
-14496
-14624
-14444
-12948
-11444
-10596
-8320
-5376
-3520
-3024
-3020
-2660
-3248
-4456
-5300
-5924
-6988
-7312
-6872
-6452
-4916
-3936
-3368
-3192
-3328
-3324
-2832
-1512
-1036
-276
228
200
-52
192
360
-184
-664
-1168
-1896
-2212
-3524
-4640
-4960
-4688
-4292
-4700
-5520
-5808
-5164
-4500
-4208
-4684
-5492
-5712
-5688
-5540
-5264
-4332
-3140
-2924
-2960
-3056
-3688
-4460
-4832
-4940
-5048
-5120
-4896
-5160
-5516
-5716
-6396
-6956
-7040
-7388
-7848
-7476
-6656
-6188
-6304
-6224
-5712
-5200
-5192
-4940
-4912
-4868
-4984
-5452
-5820
-6020
-5696
-5612
-5920
-5940
-5956
-5852
-5540
-5212
-5208
-4868
-4748
-4448
-4548
-4656
-4888
-5408
-5724
-6432
-7048
-7088
-6964
-7080
-6940
-6672
-6332
-6296
-6424
-6316
-5816
-5688
-6008
-6628
-6668
-6340
-5800
-4792
-3396
-2968
-2112
-1572
-1284
-152
2096
3480
4684
4808
576
6676
7776
5608
4388
4556
4308
2508
1872
2892
2984
1912
-32
-1808
-2024
-3152
-4424
-7396
-9260
-11276
-13032
-14952
-14528
-14804
-16020
-16424
-15332
-14456
-13148
-13416
-10240
-7756
-7288
-7172
-5020
-4028
-4724
-4980
-5496
-5688
-5912
-6604
-6372
-6200
-6440
-6512
-5736
-5464
-4276
-2564
-1536
-1420
-2176
-3620
-5196
-5960
-5936
-5624
-6020
-6292
-5828
-5936
-8748
-10292
-11024
-11564
-12300
-12564
-12104
-10340
-9336
-9048
-8392
-7912
-6160
-6012
-6396
-6220
-5892
-5876
-6760
-6848
-6852
-6828
-5972
-4912
-3456
-2600
-2132
-1588
-752
384
1072
2000
2080
1716
1260
772
-264
-696
-1260
-1024
-1432
-2104
-2308
-2528
-3324
-4356
-4980
-4996
-5036
-5100
-5172
-5116
-4584
-3896
-3572
-3832
-4304
-4980
-5648
-6304
-6596
-6632
-6720
-6504
-6060
-5556
-5048
-4496
-4112
-4300
-4512
-4492
-4400
-4244
-4036
-3976
-4376
-4876
-5148
-5508
-5504
-5420
-5612
-6188
-6264
-6024
-5740
-5608
-5468
-5400
-5096
-4920
-4888
-5260
-5352
-5376
-5288
-5144
-4972
-4952
-4608
-4388
-4372
-4528
-4356
-4100
-4108
-4272
-4896
-5612
-5980
-6360
-7140
-7844
-7360
-8192
-7920
-7028
-5596
-5012
-5048
-5388
-5560
-5544
-5528
-5344
-4748
-4596
-4760
-4680
-4284
-3920
-3576
-3516
-2980
-3036
-3380
-3104
-1864
132
1352
2084
2604
2992
3192
3696
5148
6364
6792
6300
6088
6316
6492
5560
4936
7132
7796
6032
3812
1800
-1548
-4672
-8724
-10740
-13600
-15644
-18360
-21876
-23940
-25460
-25712
-25828
-25056
-24344
-22668
-20100
-17372
-13656
-11320
-8164
-6428
-6096
-6388
-6416
-9196
-9992
-10132
-11280
-11376
-10224
-8316
-7920
-7644
-7192
-6588
-6044
-6108
-6040
-6232
-6600
-6768
-6816
-7700
-8904
-9556
-10256
-10824
-12140
-13372
-13844
-13916
-13448
-11996
-10712
-8732
-7144
-5896
-5860
-6220
-7380
-6968
-6560
-4684
-2816
-1664
-960
60
736
388
-176
-420
-952
-1492
-1608
-1704
-1680
-1536
-1544
-1176
-1464
-1884
-2460
-2824
-3024
-3576
-4596
-4840
-4448
-4392
-4820
-4980
-4932
-4740
-4092
-4044
-3540
-2864
-2608
-2636
-2488
-2476
-2984
-3404
-3528
-3368
-3152
-3424
-3492
-3064
-2828
-2884
-2472
-1548
-2108
-2148
-2236
-2068
-3080
-4960
-6596
-6284
-5976
-5144
-5400
-8336
-8688
-6020
-5204
-6040
-6328
-6324
-5692
-4700
-4280
-5040
-5456
-4632
-4120
-3428
-3092
-3080
-3800
-3904
-3744
-3684
-3656
-3928
-4052
-4652
-4916
-5232
-5880
-5180
-4948
-4840
-5020
-4840
-5144
-5172
-5256
-5052
-4668
-4284
-3760
-3688
-3632
-3680
-3220
-3088
-3208
-3908
-4556
-5240
-6280
-5048
-4488
-4100
-1980
-1360
-1576
-2960
-4016
-4396
-4904
-4852
-9584
-11848
-9188
-5920
-7168
-4256
-408
-2160
-4284
-4680
-7016
-7640
-5288
-2308
-1640
-4344
-4308
-4152
-3392
-2376
-1496
-2732
-1696
-1956
-2888
-4052
-5072
-4776
-4156
-3836
-4072
-4524
-4392
-4348
-4324
-4296
-4188
-3760
-3832
-3408
-3200
-3564
-3816
-4336
-3784
-3272
-3912
-4028
-3872
-3092
-2600
8272
-5596
-1828
-344
1652
-316
-2552
-3680
-7632
-7192
-5688
-5496
-5724
-5596
-5180
-4968
-4544
-3688
-3172
-2576
-2156
-2360
-2508
-2800
-2736
-2372
-2164
-1576
-812
-432
-920
-1204
-1592
-2404
-2624
-3020
-3344
-3344
-3660
-4192
-4840
-5248
-5188
-4596
-4200
-4256
-4504
-4892
-5072
-5080
-4920
-4576
-4024
-3624
-3192
-2956
-2892
-2896
-3196
-3448
-2896
-2424
-3904
-3668
-3048
-3580
-3972
-3888
-3952
-4364
-4392
-4752
-4452
-4156
-4516
-4740
-4668
-4148
-3704
-3480
-3788
-4540
-5044
-5448
-5016
-3556
-3176
-3080
-1868
-4264
-6124
-3884
-3768
-2832
-3096
-3688
-3724
-3076
-2100
-4584
-4596
-3824
-4212
-2904
-2056
-1632
-2804
-3800
-2616
-1872
-1788
-1432
-808
328
1644
3396
4844
6920
9080
9916
8224
6472
6304
4600
3712
4736
5060
4856
6160
6980
7128
6740
7236
6344
6876
6636
5896
6124
6532
7540
8596
9360
9476
9396
9452
9188
7808
5756
3660
3540
4056
4872
5364
4724
3684
3432
4016
3812
3740
3424
3484
3624
3992
3752
3548
4344
3924
3176
2424
2260
2196
1956
1204
560
-152
-296
-764
-808
-244
324
424
208
776
1344
1768
1772
1668
1472
776
12
-956
-1844
-2104
-1692
-1224
-404
-156
-20
-1036
-1824
-1964
-1724
-1876
-1968
-1804
-1296
-1124
-1540
-2228
-2360
-2140
-1964
-2028
-1692
-1512
-2488
-2932
-2020
-1576
-1620
-2024
-2072
-1852
-1788
-1856
-2184
-2324
-2112
-2568
-2820
-2572
-2020
-1772
-1572
-1780
-2296
-3544
-4064
-4364
-4280
-4356
-3884
-3392
-3148
-3408
-3072
-2412
-2132
-2276
-2652
-2664
-2468
-2576
-2988
-3240
-3180
-3008
-3176
-3272
-2964
-2672
-2548
-2152
-2492
-1684
-1880
-2148
-2676
-2848
-3376
-3632
-3752
-3724
-3736
-3540
-3412
-3152
-3152
-3196
-3208
-3284
-3324
-3192
-3136
-3032
-2984
-3112
-3228
-2944
-2820
-2740
-2500
-2876
-3116
-3408
-3804
-3772
-3744
-3644
-3556
-3604
-3640
-3816
-3768
-3760
-3892
-3920
-3760
-3524
-3056
-3088
-3676
-3872
-4036
-4396
-4704
-4760
-5280
-5696
-5768
-5696
-6224
-6668
-6988
-6892
-7044
-6856
-6600
-6932
-7544
-7424
-7364
-7984
-8564
-7208
-5920
-3120
-5396
-3676
-236
1684
4048
7124
10020
11832
13192
11684
10280
9460
9076
8168
7400
6440
5024
4032
4224
5408
6496
8944
10620
11568
12032
11748
10388
9512
8676
7220
6732
5692
5236
5948
6772
6088
5196
4960
6028
6556
5508
4624
4068
3688
3672
3924
4204
4532
4104
3020
2236
2576
2648
2020
1560
2368
3288
3268
3052
3232
3536
4152
4384
4316
4216
4340
4656
4764
5080
4460
3764
2884
2580
2204
1064
100
-860
-1300
-1592
-2156
-2584
-2372
-1712
-444
-512
-1120
-1920
-2188
-2528
-2772
-2168
-916
212
488
524
-328
-1204
-2052
-2284
-2152
-2048
-1460
-1168
-816
584
1944
1656
1396
2144
2972
2892
1876
1508
1272
1092
844
884
728
724
752
60
-972
-1600
-2276
-2892
-3228
-3728
-4184
-4608
-4452
-4152
-3824
-3108
-2488
-1736
-1480
-1012
-784
-780
-904
-976
-1116
-1592
-1892
-2076
-2496
-2316
-2144
-2468
-2804
-2788
-2988
-2648
-2316
-2220
-2232
-2228
-2180
-2588
-3016
-3128
-2960
-3036
-2828
-3060
-2772
-2796
-3012
-2996
-3076
-3012
-2620
-2632
-3076
-2824
-2608
-2812
-2964
-2924
-2828
-2688
-2840
-3324
-3632
-3236
-3144
-3020
-2772
-2564
-2768
-3084
-3172
-3332
-3596
-3892
-4096
-4760
-5392
-5860
-5780
-5748
-6408
-6216
-5340
-4256
-3852
-3420
-3248
-2960
-2368
-856
264
1424
2480
3356
3800
4800
4728
5316
5680
5996
5740
5500
5004
5356
5756
5496
4732
4796
5340
6648
7020
7876
9108
9228
9100
9816
9876
9792
10588
10728
10100
8832
8104
8228
9180
9928
9848
9460
8748
7572
6688
4980
3820
2736
2312
1984
2008
2376
2104
1732
1056
896
620
352
288
672
1140
1316
1052
1444
1752
1736
1152
148
-88
200
700
1092
1056
1316
1732
2376
2600
2388
2328
3168
3980
3720
2888
2408
2700
2884
2604
1936
924
-76
-672
-1280
-1980
-2076
-1544
-1068
-916
-472
-136
-100
-472
-656
-656
-616
-240
164
528
876
916
756
524
388
-164
-600
-1412
-1536
-1936
-2360
-3288
-3796
-4308
-4584
-4560
-4324
-4176
-3916
-3416
-3208
-3096
-2860
-2320
-2096
-1896
-1712
-1476
-1456
-1848
-1976
-2032
-2176
-2176
-1852
-1764
-1580
-1964
-2136
-2468
-2696
-2692
-3036
-3296
-3716
-4036
-3996
-3888
-4032
-4004
-3520
-3460
-3528
-3348
-3400
-3504
-3292
-3284
-3112
-2752
-2884
-3012
-2880
-2872
-2692
-2680
-2840
-3196
-2980
-2952
-3416
-3212
-2472
-2500
-2160
-2056
-2264
-2548
-2560
-2640
-2888
-3048
-2996
-2856
-2960
-2756
-2832
-2892
-2768
-2712
-2648
-2816
-2976
-2844
-2756
-2640
-2580
-2492
-2300
-2160
-2328
-2084
-2168
-2272
-2284
-2140
-2240
-2392
-2380
-2484
-2444
-2452
-2432
-2260
-2260
-2340
-2096
-2128
-1928
-1948
-1740
-1824
-1896
-1896
-1704
-1656
-1472
-1720
-1944
-2096
-2208
-2320
-2448
-2436
-2248
-2144
-1952
-1904
-1856
-1904
-2072
-2360
-2528
-2624
-2776
-2852
-2696
-2664
-2876
-2924
-3164
-3128
-3320
-3264
-3228
-3120
-2708
-2612
-2440
-2312
-2260
-2200
-2156
-2304
-2148
-2068
-1776
-1604
-1636
-1668
-2740
-2188
-1620
100
-1644
-1596
-3240
-4200
-268
-1248
-1936
-5376
-280
2116
-3500
-21412
6576
-5356
5160
6040
-2184
-7912
-9684
-7708
-3716
-708
-1312
-2456
-3420
-3928
-3940
-3184
-3508
-3584
-3544
-2480
-3968
-4208
-3384
-2904
-2556
-3176
-4904
-6468
-7792
-8612
-7916
-5872
-3784
-4772
-7920
-10116
-9076
-9008
-9660
-12560
-14180
-15540
-13400
-10432
-4108
-4880
-1972
2132
2908
2316
884
1824
1252
476
-392
-1212
-1460
-2212
-3036
-3608
-7228
-10600
-11932
-10340
-7860
-7512
-5840
-3960
-1868
-1280
1932
376
-940
-5024
-6000
-6636
-6960
-7740
-5792
-3656
-1276
1092
3208
4272
1152
-848
-3928
-5888
-6624
-7468
-7300
-5916
-5060
-3984
-3400
-3308
-2680
-2308
-2348
-2328
-2860
-2888
-2916
-3888
-6396
-10276
-11576
-11464
-10912
-9140
-4380
2280
5948
6860
6368
3828
104
-4132
-6860
-7956
-6340
-3320
1140
3240
5740
5568
4016
1528
-300
-1180
-1628
-1732
-1528
-1420
-1384
-1292
-1116
-3076
-9172
-15164
-18384
-20940
-24292
-25560
-26952
-25144
-24892
-25380
-22284
-22868
-20624
-15676
-6036
3172
17208
28104
32548
31260
22440
12384
-1336
-9152
-11108
-7764
1216
7308
16840
22712
27920
29020
27732
26844
27648
30664
32767
32767
32767
32767
32767
30152
23792
17176
15448
15108
16060
18016
19956
20760
20484
19800
19284
19436
20732
23148
24404
27412
29496
30084
29000
24468
24696
32767
32767
32767
32767
32767
32767
20576
13292
10624
9960
9456
12556
19300
20732
16644
12180
10084
10000
10848
11092
10592
10088
10728
11736
12728
12952
12676
12164
11480
11296
11364
11216
10152
9244
8516
7472
5740
4324
2616
1180
-636
-2048
-2724
-2572
-2116
-1440
-976
-908
-736
-644
-788
-1256
-1340
-940
-656
-416
-60
36
-196
-548
-1028
-1132
-1100
-700
-64
416
736
484
352
200
460
828
1072
1136
1116
1356
1968
2196
2152
2076
2092
1860
1768
1584
1236
1220
1380
1720
2192
2380
2668
2880
2948
2900
2704
2408
1984
1976
1968
1800
1660
1636
1776
2276
3128
3528
3816
3316
3028
3080
3348
3384
3464
3252
2692
2484
2568
2368
1744
1108
828
872
1208
1804
2156
1856
532
-716
-2452
-3352
-4244
-4936
-5380
-5112
-4936
-6080
-6896
-5016
-6588
-7616
-7372
-7236
-6760
-6444
-5416
-3940
-3624
-1876
-1480
-964
-792
-1440
-152
1028
2980
4288
6376
8112
10160
12992
15804
17896
20368
24100
27724
29972
32767
32767
32767
32767
32767
32767
32767
32767
32767
32520
27712
24588
21564
19152
15924
13340
10156
10264
10292
12140
13512
14880
16344
17488
18444
20500
20872
22568
24384
25284
24860
25428
26284
26220
26564
26204
25432
25156
25060
25228
24840
25216
24192
22228
20640
18392
17808
17968
17400
16824
15592
14760
13892
13696
13136
13176
12072
11060
8972
7168
5960
5512
5672
6128
5936
5612
5156
4832
4380
3984
3240
4844
5828
5420
4488
2964
2012
1132
1044
1476
1736
1628
972
76
-356
-772
-440
348
1080
2304
2808
3176
3676
3832
3480
3224
2584
2108
2000
2164
2432
2736
3264
3532
3736
3568
3220
2884
2488
2072
1924
2136
2284
2436
2380
2156
2004
1904
2248
2520
2472
2652
2564
2588
2928
3112
3132
3084
2748
2512
2316
2296
2128
1868
2096
2264
2280
2348
2576
2628
2776
2892
3108
3252
3656
3808
3372
3044
2812
2632
2556
2604
2552
2444
2224
2192
1940
1704
1972
2220
2124
1524
728
360
-504
-2204
-5660
-6952
-7784
-7260
-6208
-5992
-6764
-8424
-9212
-8992
-7468
-4116
-1836
-2920
-5080
-5648
-5896
-5768
-4952
-3444
-1376
320
2304
3788
4912
8852
13636
20940
26316
31052
32767
32767
32767
32767
32767
32767
32767
32767
32767
32448
25100
14912
8672
7420
6536
5820
3836
2636
2820
3928
5476
7664
8876
10976
12520
14508
16480
20440
22664
25260
26864
28484
29460
30748
32596
32767
32767
32767
32767
32260
30892
28912
27396
26808
25380
23832
23500
21328
18640
16868
15624
15248
15136
15864
16220
16052
15916
14724
13088
11720
10540
9912
9780
9588
9056
8184
6844
6724
7688
7268
7072
6448
5260
4488
3968
3620
3352
2900
2780
2592
2564
2676
2600
2440
2460
2232
1912
1012
472
-612
-1328
-2448
-2500
-2520
-2104
-832
512
1432
1524
1264
916
596
436
848
1372
1424
1108
816
96
-176
-480
-624
-468
-452
-164
-64
-24
-132
-456
-720
-820
-784
-548
-632
-800
-592
-744
-620
-492
-304
80
468
484
568
376
304
120
84
420
564
604
768
1012
996
904
640
272
212
424
596
1076
1356
1364
1096
764
756
776
852
776
548
84
68
336
528
596
488
428
540
652
800
696
864
988
1184
1340
1132
704
644
1212
1464
2084
2056
2028
1968
2036
2300
2244
2256
1984
1048
852
916
512
704
1132
1892
2560
2096
2404
2752
2116
2204
1676
1480
888
20
-852
-504
380
608
656
-68
-492
432
1496
2712
4196
4340
5520
4132
4000
4516
5868
6312
8100
13148
18592
14500
6180
988
-2392
-4656
-1292
-368
988
-284
964
144
248
-2960
-6888
-6344
-2492
-1188
-2120
-3960
-4020
-1716
-700
-588
-1680
-2284
-2292
-1536
-1072
-676
-644
-1004
-1192
-1000
-1016
-1100
-1020
-1064
-868
-600
-564
-644
-760
-696
-348
36
208
76
-488
-924
-708
-72
232
20
-372
-752
-536
-444
-668
-1196
-1328
-1120
-724
-648
-948
-1320
-916
-548
-368
-420
-648
-916
-1052
-960
-820
-816
-1284
-1328
-1076
-872
-900
-1036
-1040
-844
-672
-720
-560
-284
-328
-640
-844
-924
-896
-900
-816
-820
-928
-720
-532
-640
-736
-636
-376
-268
-232
-360
-404
-324
-188
-316
-368
-576
-684
-1056
-1392
-1280
-1080
-720
-376
4
-4
156
88
136
232
180
-364
-692
-484
-108
-112
-136
-480
-744
-780
-384
28
76
-12
-192
0
220
280
136
-108
-196
-536
-864
-904
-552
-96
72
248
-188
-468
-544
-260
528
1220
1424
1260
1076
1160
1588
1620
1652
1196
1080
1016
1116
1148
1000
796
620
552
356
308
128
-124
-420
-564
-560
-464
-384
-404
-512
-360
-204
-52
160
544
592
652
512
416
380
460
184
-168
-288
-100
-184
-176
-128
-392
-368
-444
-516
-196
-64
-8
-28
-68
-224
-136
72
88
-56
-176
-180
-128
36
92
-24
56
84
28
-168
-440
-640
-236
180
128
-280
-448
-440
-320
-224
-160
-80
-160
-56
-472
-164
-628
-72
384
548
360
496
964
1660
1628
-592
-1804
-1128
428
484
-36
-632
-852
-472
-364
-408
-408
-84
-104
-152
-228
-140
168
124
108
-32
-192
-120
-44
80
-36
-96
-160
-80
96
128
88
84
-100
-140
-4
-44
-192
-424
-572
-512
-392
-336
-388
-340
-320
-172
-108
-48
-40
-16
96
-44
-44
-92
-44
-52
-204
-156
-244
-8
152
172
196
64
60
-100
-28
-160
-360
-204
-4
-16
-144
-244
-112
-36
76
36
-72
-72
-112
-76
-188
-212
-168
-172
-228
-492
-560
-420
-276
-140
28
12
84
128
228
72
76
64
-212
-52
172
64
0
-256
-264
60
180
156
128
-204
-312
-452
-468
-420
-320
-148
8
292
408
400
480
680
1040
1228
1136
816
604
444
612
692
632
496
332
380
420
492
208
20
-84
-132
-364
-604
-872
-1004
-1312
-1764
-1792
-2012
-1996
-2044
-2224
-2136
-2140
-2000
-1832
-1716
-1804
-1840
-1320
-996
-720
-348
-332
-228
-680
-1180
-1368
-1400
-1540
-2708
-3600
-4148
-4040
-3736
-3344
-3564
-4160
-4476
-4228
-4060
-3892
-3636
-3364
-2776
-1720
-1368
-2444
-3040
-2728
-2240
-2276
-2500
-2900
-2728
-2348
-2268
-2404
-2472
-2188
-1924
-1376
-172
-344
-1064
-188
580
1344
1844
2316
1536
1776
1768
2428
2940
3328
3448
3188
3064
3408
4308
4912
5160
5328
5280
5428
5172
5228
5520
5472
4868
3908
3176
2876
2628
2276
1904
1552
1100
600
-92
-312
-160
124
-332
-700
-1356
-1444
-1136
-1080
-1108
-1528
-2040
-2696
-3340
-4128
-4600
-4772
-5524
-6400
-7620
-8332
-8760
-8844
-8992
-9000
-8900
-8548
-7852
-8196
-8856
-11400
-10204
-10012
-3808
-2732
-4512
-6048
-7500
-5828
-5796
-6396
-6308
-7720
-6596
-5684
-5560
-5912
-7048
-7008
-4968
-4780
-5336
-5416
-5592
-5584
-4740
-4552
-4784
-4612
-4884
-5132
-4984
-4740
-4860
-5012
-5244
-5148
-4844
-4512
-4148
-4192
-4444
-4620
-4384
-4108
-4212
-4092
-4152
-4376
-4616
-4912
-4540
-3708
-3868
-4220
-4468
-4208
-3796
-4148
-4308
-4472
-4484
-4772
-5196
-5120
-5200
-5324
-5496
-5648
-5744
-5792
-5776
-6020
-6368
-6612
-6672
-6500
-6320
-6260
-6724
-7192
-7704
-8324
-8440
-8644
-8756
-8872
-8932
-8792
-8860
-8620
-8308
-8056
-7456
-7196
-8168
-8348
-7432
-6976
-7084
-7484
-7648
-7860
-7720
-8028
-7908
-7536
-7336
-7564
-7804
-7556
-7620
-7904
-8028
-7864
-7736
-7660
-7932
-8264
-8092
-5648
-6276
-8236
-8092
-6696
-5672
-5716
-5672
-5308
-3452
-4680
-6984
-6596
-4116
-3340
-3624
-3560
-3052
-2588
-2180
-1888
-1812
-1212
-860
-948
-772
-396
292
1144
1252
1364
1712
2432
2780
2708
2784
2868
2944
2884
2728
2596
2160
2596
2996
2792
2376
2192
2312
2552
2820
2592
2152
2304
2696
2332
2124
1960
1596
1616
1368
1532
1660
1124
1376
2060
2644
2692
2128
1332
908
704
452
168
-160
-784
-1256
-1616
-2192
-3048
-3680
-4228
-4760
-4936
-4948
-5388
-5760
-6184
-6140
-5936
-5972
-6284
-6856
-7372
-7456
-7288
-6876
-6828
-7332
-7564
-7852
-8296
-8480
-6344
-12492
-13172
-8300
-7564
-7384
-7028
-9028
-10180
-9360
-9360
-8804
-9256
-8840
-8616
-8712
-8084
-8024
-8096
-8280
-8024
-7792
-7616
-7404
-7200
-6984
-6984
-7388
-7468
-7424
-7332
-7296
-7036
-5536
-6344
-6116
-4844
-3876
-4620
-5580
-5400
-5044
-4868
-5240
-5876
-6044
-5300
-5108
-5088
-5024
-5180
-5496
-5836
-5716
-5324
-5168
-5380
-5532
-5344
-5300
-5336
-5176
-5280
-5324
-5104
-4808
-4452
-4548
-4636
-4732
-4712
-4860
-4896
-4928
-4948
-4968
-5124
-5324
-5412
-5420
-5636
-5940
-6168
-6420
-6716
-7040
-7376
-7512
-7540
-7536
-7788
-7940
-8112
-8224
-8412
-8880
-9036
-9048
-9640
-10116
-10548
-10732
-11052
-11372
-10276
-11732
-12416
-11700
-10812
-10568
-10484
-10896
-10724
-10060
-9284
-8504
-8412
-8340
-8100
-7552
-7112
-7200
-7300
-7364
-7192
-6872
-6732
-6344
-5976
-5744
-5596
-5744
-5524
-5088
-4444
-4136
-3912
-3928
-3796
-3428
-3016
-2632
-2660
-2220
-1580
-932
-616
-536
-384
60
372
732
820
688
680
1096
1296
1512
1700
2124
2252
2612
2704
3180
3536
3500
3552
3576
3368
3432
3528
3296
3588
3556
3212
2948
3120
3524
3612
3556
3124
3100
2996
3144
2908
2784
2360
1716
1448
1840
2072
1576
1316
1056
984
1156
996
816
216
-336
-464
-280
-32
20
112
180
60
-188
-564
-948
-1384
-1256
-1376
-1708
-2040
-2296
-2380
-2516
-2532
-2948
-3160
-3760
-3888
-3564
-3384
-3452
-4288
-4580
-4344
-4208
-4400
-4956
-5488
-5984
-6332
-6656
-6792
-6992
-7668
-8204
-7976
-8240
-8496
-5400
-7652
-19212
-10580
-3336
-4760
-11524
-9036
-6688
-5368
-7988
-10464
-9668
-9192
-8008
-7484
-7340
-8260
-8500
-8284
-8052
-8140
-8008
-7936
-7452
-7440
-7484
-7404
-7468
-7772
-7836
-8148
-8296
-7488
-6924
-7056
-7408
-7548
-7428
-6916
-6904
-6832
-6728
-6708
-6708
-6428
-5556
-4568
-4276
-4440
-5240
-5728
-5996
-6324
-6412
-6396
-6332
-6168
-5964
-6108
-6168
-6112
-6060
-6080
-6056
-5904
-5656
-5624
-5696
-5780
-5668
-5340
-5160
-4860
-4632
-4300
-3760
-2868
-2728
-2916
-2944
-3136
-3308
-3636
-3988
-4376
-4388
-4576
-4656
-4656
-4724
-4776
-4760
-4708
-4684
-4572
-4632
-4648
-4404
-4904
-4976
-4864
-4528
-4440
-4552
-4796
-4596
-4400
-4352
-4224
-3764
-3400
-2968
-2968
-3016
-3148
-3280
-3320
-3436
-3308
-3200
-3016
-4020
-4552
-4472
-4124
-3984
-3920
-4164
-4488
-4684
-4624
-4640
-4604
-4796
-4824
-4712
-4544
-4636
-4588
-4640
-4704
-4652
-4716
-4640
-4508
-4428
-4344
-4448
-4388
-4296
-4152
-4324
-4300
-4480
-4508
-4428
-4472
-4344
-4336
-4436
-4432
-4424
-4444
-4560
-4488
-4624
-4560
-4332
-4428
-4408
-4480
-4364
-4352
-4452
-4452
-4464
-4436
-4352
-4380
-4536
-4596
-4468
-4432
-4292
-4384
-4404
-4544
-4516
-4576
-4404
-4428
-4344
-4460
-4408
-4244
-4188
-4268
-4236
-4052
-4064
-4128
-4464
-4568
-4544
-4424
-4192
-4056
-4168
-4304
-4248
-4220
-4124
-3792
-3716
-3828
-3692
-3460
-3472
-3348
-3432
-3384
-3468
-3600
-3688
-3528
-3588
-3804
-3752
-3780
-3864
-3604
-3652
-3476
-3588
-3892
-4068
-4020
-3924
-3796
-3808
-3672
-3752
-3704
-3536
-3556
-3620
-3604
-3512
-3348
-3744
-3712
-3308
-3128
-3328
-3512
-3440
-3140
-3052
-3228
-3420
-3468
-3356
-3156
-3260
-3192
-3180
-2824
-2796
-2988
-3384
-3392
-3092
-2988
-2968
-3056
-3128
-3156
-3120
-3156
-3132
-3092
-3260
-3296
-3228
-3332
-3316
-3332
-3352
-3268
-3260
-3424
-3356
-3404
-3480
-3444
-3352
-3212
-3452
-3196
-3088
-2968
-3200
-3516
-3952
-3792
-2892
-2712
-2936
-2512
524
-1320
-3360
-4116
-2248
-3260
-2364
-3764
-1588
-492
-4392
-3080
-1232
-1052
-1228
-1920
-2300
-2952
-3696
-3312
-2692
-2160
-2440
-1980
-1800
-1648
-1412
-1216
-1536
-1852
-1940
-1840
-5028
-2684
-4532
-1052
1748
3592
3232
1956
-2544
-2976
-2384
-1160
-276
-608
-1468
-2228
-1752
-1668
-1220
-1000
-592
-1112
-936
-1012
-964
-544
752
832
1084
84
-176
-524
36
400
296
516
156
-28
-60
-884
-2240
-3624
-11744
-6404
10000
8052
-1732
-1508
996
984
-1052
-512
2268
3544
2360
3872
2740
344
-2468
-2304
-508
2100
2664
2124
1088
1420
1128
504
380
400
536
996
1324
1708
1412
812
-240
-1412
-2260
-2748
-3120
-2824
-2400
-1764
-1572
-1128
-1028
-100
576
3612
13560
20396
25672
17572
3940
-4684
-12828
-15048
-12872
-9736
-6384
-5584
-5104
-4400
-2732
496
2368
3164
2840
3480
3468
316
-2108
-4904
-5624
-5876
-5308
-3860
-3220
-3536
-4080
-3276
-2444
-1996
-3160
-3484
-3064
-2252
-1620
-1704
-2100
-2808
-3248
-3444
-2812
-1928
-972
-108
552
1304
832
-1428
-4632
-6140
-4276
-1864
-1396
-1920
-2032
-1644
-1292
-656
108
340
-452
-936
-1832
-2092
-2880
1856
5096
1500
-2464
-6676
-7180
-6316
-5264
-3496
-1784
136
688
324
-440
-816
-1008
-1240
-1400
-1976
-1824
-1436
-1232
-1200
-3072
-2772
-3364
-3408
-1932
-588
-1400
296
-8
-736
-1992
-2492
-2104
-1288
-716
-184
56
-400
-900
-1492
-2064
-2004
-1532
-2148
-2148
-1672
-1572
-1872
-3016
-3292
-3488
-2684
-1392
-676
-532
-648
-1252
-1608
-2132
-2352
-2408
-1816
-1440
-884
-524
-612
-1528
-2136
-2268
-2388
-2528
-1984
-2188
-2268
-2492
-2664
-3132
-3788
-4056
-3964
-3100
-2596
-2688
-3064
-3388
-3152
-2052
-1004
-492
-280
-304
-736
-1312
-1688
-2072
-2312
-2328
-2572
-2860
-2716
-2164
-1932
-1420
-1660
-2124
-2796
-2956
-3088
-3276
-3312
-3188
-3044
-3116
-3132
-3204
-2988
-3248
-2876
-2476
-2160
-1632
-1392
-1112
-1280
-1408
-1760
-2176
-2756
-3140
-2180
-1824
-1604
-1676
-1960
-1980
-1760
-1692
-1404
-1492
-2856
-2600
-1032
-200
-272
-96
-476
-1008
-1692
-2212
-2068
-1436
-1036
-884
-1420
-1992
-2180
-2324
-2212
-2076
-1644
-940
228
888
784
552
-952
-1896
-2976
-4472
-5312
-5712
-5516
-4884
-4392
-4132
-4316
-5264
-5872
-6136
-5800
-5152
-4412
-3788
-3312
-2804
-2628
-2440
-2432
-2676
-2932
-3272
-3892
-4488
-4284
-4056
-4048
-3436
-2888
-3020
-2976
-2756
-2448
-2632
-2404
-2012
-2440
-2896
-2744
-2824
-2304
-1948
-1592
-1448
-1548
-2144
-2052
-1564
-1164
-816
-456
-112
32
-60
-348
-472
-736
-636
-700
-724
-848
-876
-1132
-1224
-1308
-1228
-1312
-1188
-1388
-1732
-1852
-1688
-1248
-556
-168
-72
-624
-1144
-1380
-1580
-1368
-1204
-916
-1096
-944
-908
-624
-932
-1040
-952
-888
-600
-440
-496
-652
-696
-796
-1076
-1292
-1280
-1124
-776
-768
-688
-680
-948
-1188
-1264
-964
-840
-796
-1068
-1236
-1236
-924
-836
-740
-560
-456
-372
-448
-640
-620
-788
-896
-972
-1420
-1388
-604
-20
252
244
-484
-728
-896
-976
-892
-744
-1312
-1384
-1852
-2192
-2080
-1864
-1476
-912
-860
-1056
-1104
-1140
-848
-428
-196
-432
-708
-1096
-1316
-1384
-1460
-1484
-1668
-1728
-1688
-1596
-1316
-844
-680
-620
-708
-860
-1156
-1120
-1096
-1140
-1068
-1104
-1072
-1184
-1596
-1740
-1672
-1332
-1040
-688
-148
-104
-216
-568
-856
-972
-996
-1056
-1004
-960
-892
-876
-908
-872
-888
-828
-1180
-1368
-1432
-1580
-1652
-1292
-1112
-1040
-956
-592
-320
-260
-468
-712
-588
-584
-836
-1100
-1040
-916
-636
-600
-544
-640
-844
-952
-1164
-1284
-1020
-752
-632
-520
-644
-588
-808
-1164
-1296
-1336
-1500
-1524
-1540
-1380
-1260
-1108
-1040
-996
-696
-664
-648
-544
-316
-232
-384
-408
-548
-504
-600
-844
-1088
-1076
-940
-788
-852
-772
-908
-856
-716
-592
-656
-620
-580
-636
-820
-844
-772
-652
-792
-996
-976
-968
-968
-900
-916
-992
-1196
-1176
-1084
-988
-932
-1008
-848
-604
-656
-600
-624
-488
-348
-92
-52
-140
-468
-748
-844
-664
-428
-648
-896
-844
-592
-304
-248
-324
-504
-676
-760
-808
-584
-516
-256
-188
-272
-160
-244
-136
-120
-200
-308
-420
-528
-468
-348
-260
-88
-20
4
-216
-252
-348
-212
724
300
208
272
-404
-1156
-1248
-1112
-1084
-1204
-1064
-908
-728
-540
-896
-956
-664
-252
-124
-164
-372
-716
-944
-1188
-792
-796
-808
-820
-804
-916
-1004
-680
-468
-348
-232
-188
-328
-320
-260
-328
-440
-376
-536
-904
-904
-620
-440
-584
-580
-364
-304
-476
-568
-636
-600
-796
-904
-1080
-900
-880
-828
-700
-764
-588
-440
-524
-744
-900
-740
-840
-788
-996
-644
-404
-68
-404
-572
-460
-320
-360
-700
-672
-604
-440
-572
-420
-280
-360
-376
-636
-652
-552
-456
-516
-392
-556
-440
996
1532
448
-480
-804
-672
-604
-884
-592
-484
-544
-612
-548
-680
-612
-532
-548
-524
-624
-600
-596
-684
-684
-644
-608
-588
-584
-444
-448
-324
-404
-496
-424
-472
-436
-564
368
-1412
-996
-716
-716
-612
-512
-592
-904
-956
-1068
-1300
-1296
-1260
-1372
-1264
-1280
-1180
-1312
-1304
-1328
-1132
-864
-508
-180
228
-24
-268
184
-96
-356
-448
-704
-796
-912
-1072
-1004
-1100
-1268
-1352
-676
-1540
-1756
-1768
-2140
-1896
-2052
-2016
-1776
-1684
-952
-1044
-752
-3376
104
-616
-724
-992
-708
-568
-740
-876
-944
-1236
-1456
-1620
-1872
-1968
-2408
-2072
-2588
-2720
-2592
-2840
-2776
-3024
-2988
-2676
-2248
-2120
-2420
-2252
-2700
-3804
-2964
-1680
-2100
-2228
-2488
-3164
-3312
-3492
-3368
-2948
-2532
-1472
-3360
-2484
-1784
-1876
-2940
-2296
-2492
-2544
-2820
-3732
-6768
-808
-3464
-3808
-4440
-2848
-7276
-3628
-4548
-4064
-4372
-4392
-4408
-4628
-4780
-4840
-5740
-6432
-5176
-5156
-5004
-4480
-3240
-5280
-5668
-5228
-4024
-6188
-8044
-6936
-6676
-8512
-7268
-5476
-7960
-1980
-8832
-5648
-6044
-9080
-11228
-10624
-10576
-10512
-10752
-9776
-9932
-8784
-8732
-8856
-9628
-9644
-9940
-10364
-7884
-10392
-9236
-10120
-10176
-10788
-12148
-11840
-13164
-12556
-13000
-12284
-12636
-12524
-12864
-12732
-13744
-12660
-13524
-12776
-12616
-12496
-13212
-13248
-13836
-14196
-12392
-13652
-14540
-14496
-14532
-14504
-14756
-14792
-14964
-15288
-15756
-16104
-16284
-15860
-15864
-15752
-15516
-15804
-15468
-15544
-15676
-15932
-16168
-15772
-15488
-15584
-16052
-16420
-16416
-16248
-16296
-16472
-16768
-16460
-16308
-16264
-16260
-16216
-16308
-16164
-16468
-16172
-16324
-16480
-16060
-15680
-16032
-16552
-15868
-15704
-16396
-17404
-23972
-7180
-19556
-24236
-21620
-6784
-7800
-25952
-5804
-14316
-15396
-16760
-15968
-17640
-19496
-4392
-16228
-22188
-14424
-14660
-13864
-14552
-14680
-12632
-13252
-12500
-12264
-12572
-12052
-12548
-11944
-12444
-12576
-11588
-11736
-11364
-11072
-11228
-10860
-10888
-10748
-10500
-10504
-10288
-10008
-9276
-8780
-8400
-8308
-7712
-7772
-7900
-7468
-7760
-6920
-6556
-6168
-6020
-5196
-5960
-5740
-6088
-6328
-6792
-6728
-5988
-5696
-4416
-4040
-3168
-3240
-3004
-3212
-2540
-2920
-2848
-2956
-3064
-3284
-3656
-3036
-3004
-3144
-2816
-2616
-2556
-2264
-1940
-2592
-2392
-2020
-1244
116
-4984
-2868
1788
1136
1276
1992
956
2420
3180
3808
2984
2748
2700
2508
2796
2592
2844
3124
3292
3368
2848
2632
3128
2820
2976
2404
2540
2524
2572
2664
3028
3028
2908
2916
3060
3048
2756
3240
3188
3292
2984
2720
2504
2036
1796
1824
1532
1348
1244
1228
1524
1824
2380
2452
2816
3288
3548
3704
3988
4088
4292
4456
4716
4948
5052
5008
4872
4636
4520
4320
4200
4128
3964
3548
3412
3248
3056
3252
3280
3540
3580
3656
3648
3604
3412
3460
3432
3188
2964
2768
2556
2564
2564
2240
2164
2204
2292
2332
2172
2072
1844
1700
1448
1468
1124
2332
1504
1572
1464
340
-484
-592
-644
-940
-1232
-1836
-1804
-1776
-1480
-1548
-1392
-1504
-1368
-1044
-1088
-1036
-268
-1520
-1256
-936
-852
-432
-472
-672
-776
-656
-952
-1404
-1244
-1332
-1176
-900
-820
-828
-1052
-632
-376
-44
-412
-740
-1080
-1548
-1560
-1676
-2064
-2280
-2492
-2716
-3044
-3192
-3340
-3140
-3076
-2380
-600
-1700
-2956
-3192
-2824
-2800
-1640
-1980
-1396
-944
-1240
-1112
-1276
-1224
-976
-1036
-1136
-916
-1060
-1068
-924
-940
-936
-980
-988
-876
-1092
-1220
-1336
-1184
-1716
-1764
-1924
-2036
-1936
-1968
-2200
-2844
-3372
-3564
-3352
-5528
-4928
-4716
-3536
-2892
-2412
-2416
-2932
-3708
-3452
-3380
-3924
5388
-6684
-3972
-7228
-21716
1872
-6768
32767
-5380
-6136
-22136
-4720
-9556
-8552
-8376
-6668
-6176
-5252
-5828
-5256
-6000
-5908
-6248
-4980
-3964
-3868
-4780
-6200
-4080
-1676
-5880
-8564
-5412
-6996
-6580
-5892
-5092
-7024
-8576
-7036
-7056
-7316
-6684
-5856
-6132
-7032
-7484
-7132
-6796
-6308
-6132
-6236
-6408
-6284
-6648
-6596
-6728
-6872
-7168
-7044
-6552
-6432
-6176
-6192
-6380
-6292
-6148
-6148
-6240
-6332
-6656
-6636
-6900
-7064
-7388
-7496
-7576
-7524
-8076
-7880
-7724
-7580
-7492
-7168
-6868
-6768
-7044
-7008
-7188
-7152
-7140
-7056
-6956
-6700
-6448
-6292
-6284
-6384
-6352
-6500
-6684
-6436
-6364
-6468
-6596
-6592
-6612
-6584
-6588
-6404
-6332
-6300
-6160
-6100
-6124
-5984
-5792
-5604
-5452
-5536
-5600
-5788
-5804
-5736
-5940
-6028
-6168
-6644
-7028
-7292
-7216
-6764
-4796
-5596
-7176
-7448
-6700
-6420
-6124
-5624
-5636
-6296
-6556
-6384
-6432
-6112
-6468
-6840
-6960
-6524
-6348
-6492
-6900
-6988
-6908
-6828
-6788
-6740
-6592
-6580
-6588
-6696
-6724
-6820
-6928
-6820
-6592
-6388
-6452
-6440
-6296
-6380
-6204
-6040
-5832
-5760
-5440
-4412
-5220
-7508
-7172
-6252
-6236
-6116
-6116
-6112
-6128
-6444
-5892
-5828
-5932
-5932
-5916
-5704
-5360
-6556
-7000
-6384
-6112
-6220
-5988
-5828
-5788
-5740
-5676
-5508
-5472
-5200
-5312
-5316
-5308
-5360
-5292
-4512
-4440
-6140
-7360
-6708
-6000
-5560
-5520
-5472
-5664
-5908
-5996
-5756
-5524
-4344
-5628
-5768
-5436
-5544
-5636
-4996
-5504
-6504
-6060
-5300
-5236
-5356
-5128
-5016
-4888
-4688
-4576
-5476
-4484
-3012
-5908
-4008
-3732
-3884
-3852
-4500
-1132
-1944
-8456
-11480
-11828
-24148
9856
-452
-4464
2612
-7252
-10988
-3520
-6876
-3236
-2372
-8268
-5012
-5028
-4488
-4268
-4700
-4920
-4868
-4472
-4928
-4020
-2356
-3152
-5048
-4388
-3804
-3816
-4300
-5352
-6112
-5840
-5856
-5028
-4984
-4712
-5260
-4900
-4612
-4952
-5392
-5620
-6068
-5908
-5228
-5020
-5048
-5908
-4988
-5164
-5172
-4704
-4768
-4524
-5148
-5284
-5280
-5416
-6072
-5872
-5252
-4860
-4952
-5196
-5492
-5748
-5856
-5768
-5368
-5088
-4984
-4980
-5500
-5756
-6308
-6352
-6208
-6060
-5956
-5812
-5948
-5804
-5668
-5764
-5756
-6140
-6900
-7192
-7456
-7380
-6724
-6416
-6160
-5932
-5744
-5828
-5820
-6068
-5796
-5848
-6712
-7328
-8376
-8472
-8840
-8956
-8660
-8692
-8720
-8564
-7324
-9992
-9240
-8404
-8516
-11996
-9512
-6408
-5236
-2292
-3900
-19448
36
8720
6988
9940
12460
16004
19980
22988
25148
26840
27752
30104
28840
27048
25400
22512
22056
20772
17744
14500
11612
10500
8368
7552
6392
6056
5916
5820
5148
5076
4788
4496
4304
4324
3960
2904
2784
4288
3200
3356
2936
2360
2916
2460
2872
2856
2228
1980
1844
1908
2100
2460
2380
2388
2116
2136
2296
2532
2976
3264
3368
2812
2924
3100
2844
2868
2272
2300
1876
2100
1716
1920
1460
1192
536
360
144
-56
-280
-156
64
-192
-140
-476
-500
-1032
-1424
-2064
-2740
-3208
-3344
-3492
-3568
-4088
-4512
-4568
-4324
-4284
-4704
-5256
-5340
-5608
-5676
-5912
-5944
-5808
-6196
-6028
-6020
-6168
-6144
-6520
-6604
-6532
-6616
-6980
-7612
-8484
-8592
-8500
-7960
-7440
-7424
-7328
-7360
-7376
-7340
-7600
-7884
-8152
-8204
-8168
-8152
-8448
-8552
-8720
-8764
-8772
-8756
-8644
-8520
-8408
-8472
-8396
-8472
-8392
-8412
-8456
-8484
-8484
-8204
-8432
-8800
-8836
-8836
-8960
-9308
-9228
-9036
-9020
-9108
-9060
-8864
-8708
-8688
-8900
-9276
-9568
-10068
-10148
-9836
-9072
-8676
-8324
-8172
-7928
-7080
-6472
-5000
-3912
-3272
-3184
-3288
-2916
-1876
24
2124
3200
4360
5592
7996
9272
11836
12580
13452
15536
18780
21244
21872
22088
20792
21552
19632
19492
19236
18012
16452
14924
14768
15696
15784
13748
12624
11504
11300
11852
10676
10656
9496
9184
8844
8716
8712
8688
8336
8048
7868
7748
7952
8072
7780
7800
7740
7528
6996
6564
6400
6608
6816
7508
8056
8284
7920
7160
6980
6776
6444
5660
3868
2892
1896
1576
1560
1648
1624
1876
1820
1908
1840
1228
924
552
508
328
-1008
-1792
-2196
-2364
-2436
-2924
-3520
-4164
-4680
-5400
-5492
-5472
-5636
-5720
-5940
-5540
-5656
-5784
-6332
-6688
-6900
-7124
-7108
-7308
-7124
-6804
-6844
-7348
-7512
-7452
-7716
-7488
-7784
-8160
-7556
-7540
-7820
-7696
-7928
-8044
-8036
-7916
-8072
-8188
-8024
-7688
-7940
-7824
-7904
-8004
-8172
-8772
-8652
-8352
-8660
-8876
-8944
-8580
-8712
-8956
-8812
-9204
-9276
-9068
-9052
-8932
-8920
-9064
-8968
-8908
-8792
-8880
-8924
-8676
-8588
-8652
-8620
-8632
-8700
-8732
-8816
-8708
-8812
-8944
-8944
-9028
-9052
-9240
-9156
-9092
-9048
-9052
-9180
-9172
-9152
-8936
-8540
-8384
-8528
-8996
-8856
-8636
-8436
-8056
-7368
-6972
-6172
-5104
-4000
-2196
-1428
-1620
-1080
1280
4092
6512
10640
13848
17864
20272
23460
25816
28844
32767
32767
32767
32767
32767
32767
32767
28696
22876
19984
21056
22432
25756
25136
22408
20412
19704
16788
13836
12476
11360
9272
7136
6116
5268
5280
5492
5528
5508
5096
4604
4476
4440
4652
4312
3900
4408
5236
6504
6928
6504
5476
4584
4068
3764
3132
2572
2124
2068
2108
2324
1820
1044
224
332
784
1428
1320
1032
900
956
1248
1140
600
560
696
1008
740
436
204
-148
-740
-640
-656
-764
-1644
-1952
-2804
-2704
-3176
-3032
-3192
-2880
-3132
-3308
-3376
-3948
-4376
-4668
-4748
-4680
-4588
-4608
-4856
-5272
-5656
-6260
-6476
-6708
-6452
-6104
-6044
-6128
-6044
-6064
-6816
-6944
-6856
-7160
-7128
-7116
-6772
-5836
-6764
-6948
-6212
-6492
-6708
-6680
-6780
-6944
-7024
-7052
-7040
-7264
-7308
-7112
-7040
-7044
-7000
-7340
-7244
-7124
-6976
-6736
-6840
-6956
-6932
-7012
-7092
-7040
-7100
-6656
-6848
-6848
-6788
-7028
-7220
-7012
-6692
-6696
-6876
-6900
-6720
-6688
-6568
-6632
-6576
-6432
-6552
-6580
-6816
-6880
-6884
-6996
-6924
-6864
-6660
-6808
-7016
-7036
-6820
-6688
-6840
-6952
-6836
-6712
-6540
-6456
-6540
-6664
-6580
-6436
-6324
-6372
-6368
-6308
-6424
-6296
-6292
-6408
-6296
-6424
-6204
-6052
-5892
-5864
-5960
-5916
-5988
-5980
-5956
-6064
-6100
-6136
-6256
-6560
-7088
-7416
-6928
-6324
-5580
-5428
-5248
-5240
-5164
-5184
-5252
-5576
-5560
-5380
-5080
-4968
-5180
-5316
-5132
-5040
-5120
-5208
-5268
-5196
-5232
-4924
-4616
-4400
-4388
-4488
-4868
-4964
-5168
-5144
-5152
-4928
-4912
-4920
-5148
-5528
-5896
-5748
-5596
-5408
-5360
-5488
-5308
-5212
-4992
-4768
-4716
-5056
-5164
-5452
-5540
-5436
-5208
-5312
-5220
-5308
-5372
-5108
-4832
-4660
-4480
-4456
-4444
-4480
-4492
-4492
-4488
-4620
-4656
-4580
-4496
-4444
-4588
-4624
-4588
-4548
-4736
-4908
-4744
-4748
-4516
-4536
-4468
-4388
-4248
-4336
-4448
-4452
-4572
-4528
-4556
-4476
-4428
-4352
-4584
-4388
-4500
-4448
-4496
-4344
-4260
-4312
-4236
-4320
-4296
-4600
-4656
-4640
-4580
-4424
-4548
-4532
-4496
-4336
-4188
-4132
-4200
-4116
-3992
-3928
-4104
-4160
-4004
-4212
-4372
-4560
-4464
-4452
-4444
-4480
-4564
-4620
-4648
-4668
-4696
-4900
-4760
-4624
-4516
-4420
-4476
-4444
-4448
-4296
-4372
-4420
-4468
-4472
-4396
-4400
-4352
-4348
-4460
-4708
-4476
-4368
-4184
-4160
-4268
-4256
-4156
-4288
-4280
-4352
-4392
-4624
-4536
-4352
-4324
-4272
-4228
-4152
-4228
-4164
-4176
-4272
-4428
-4384
-4296
-4316
-4432
-4352
-4292
-4364
-4452
-4292
-4348
-4448
-4352
-4380
-4236
-4432
-4504
-4436
-4624
-4452
-4328
-4284
-4332
-4320
-4276
-4240
-4276
-4172
-4192
-4248
-4448
-4556
-4680
-4572
-4444
-4420
-4232
-4488
-4544
-4536
-4460
-4420
-4392
-3956
-3684
-3620
-3712
-3596
-3248
-2920
-2672
-2444
-2224
-1912
-1596
-1288
-1336
-1356
-968
-292
492
736
1236
184
1328
712
884
1032
1452
2156
2524
2048
824
372
872
1048
1636
1728
1656
1372
1224
1368
1676
1792
2104
2604
4248
7808
9912
11740
12076
12008
11652
11496
11116
10032
9980
10292
10272
8428
6648
5716
5960
5832
5236
4956
4232
3528
2488
2228
2392
2568
2864
3036
3052
3520
4108
4072
4304
4228
3880
3720
3756
3708
3680
3496
3296
3400
3100
3708
3636
3372
2980
2860
2328
1396
940
476
284
64
-524
-1060
-1016
-1048
-1196
-1572
-1080
-1068
-800
-892
-628
-472
-396
-572
-740
-1140
-1572
-2256
-2960
-3676
-4144
-4196
-4372
-4480
-4696
-5012
-5124
-5184
-4300
-3480
-3040
-3348
-3380
-3284
-3276
-2600
-4488
-748
-3976
-3228
-3228
-3080
-2820
-4320
-3168
-3516
-3472
-2948
-3192
-3516
-3412
-3340
-3520
-3588
-3804
-3932
-3952
-3976
-4088
-4252
-4296
-4028
-4044
-4168
-4256
-4436
-4768
-4644
-4768
-4824
-4676
-4624
-4856
-4872
-4860
-4724
-4528
-4512
-4776
-4824
-4872
-4892
-4872
-4828
-4716
-4660
-4852
-4892
-4756
-4620
-4768
-4640
-4428
-4180
-4048
-2968
-5416
-3808
-3936
-4532
-4364
-4568
-4576
-4200
-3932
-4324
-4400
-4444
-4240
-3744
-3128
-3384
-3236
-2772
-2500
-2152
-1168
-476
104
36
48
-792
160
1160
656
-576
-872
-456
236
1360
3424
3108
2880
3188
4400
5828
7760
10292
11500
13084
15004
17280
19084
20284
21272
22300
19412
19028
17372
15368
13340
13596
13940
13324
14128
12872
12516
12612
13220
13472
13076
12056
11080
9508
9984
8596
9164
9048
9352
9360
9672
10152
10324
10712
10412
10228
10336
10308
10200
9604
9220
9240
8860
9656
9108
8560
8224
7416
6424
5320
4364
3492
3492
3736
2652
1624
1252
2212
344
1124
1296
-112
284
1456
-2592
-1960
-1548
1104
432
-1700
640
4
36
256
-272
948
-1032
-1872
-2272
-2800
-1976
-2676
-2372
-2448
-2836
-2260
-3480
1968
-6344
1784
1760
-4168
-2804
-2472
-3972
-2792
-3228
-2804
-2732
-2628
-1932
-2616
-2492
-2620
-2544
-2412
-2472
-2452
-2628
-2824
-2924
-3000
-3220
-3428
-3544
-3640
-3876
-3972
-4180
-4292
-4408
-4500
-4676
-4920
-4992
-4848
-4752
-4660
-4864
-5064
-5136
-4948
-4940
-5280
-5148
-5472
-5296
-5312
-5208
-4980
-4804
-4796
-4776
-5052
-5128
-5456
-5220
-5112
-4420
-4372
-3652
-3644
-3696
-3904
-4068
-3672
-3596
-3644
-3848
-4020
-3876
-2984
-3116
-2784
-2488
-2296
-1856
-1400
-2068
-2692
-2684
-2700
-2304
-1012
616
2856
4108
5152
6544
8072
9064
9708
10864
12364
13768
15032
15556
16436
18632
20168
22972
25428
26580
28032
27120
25488
22720
19908
16696
16744
17528
19464
19484
18688
17460
15012
13484
12140
12040
12156
12044
11496
10300
9504
9024
9300
10076
10564
10396
9872
9128
8516
8072
7676
7632
8120
8536
8200
7512
6524
6416
6984
7308
6908
6708
6280
5632
5424
4896
3828
3472
3144
2568
2164
2340
1788
1748
3080
496
224
748
2856
552
-500
-1272
940
228
-580
568
-1004
-764
-960
-776
-1564
-2428
-2532
-3020
-3688
-3588
-3884
-4052
-3492
-3660
-3272
-3008
-2468
-3132
-3140
-2516
-732
-9176
2060
3216
-6632
-3364
-3380
-3276
-3840
-3584
-4084
-4200
-4004
-3596
-4076
-3416
-3744
-3784
-3888
-3808
-3876
-4076
-3808
-3968
-3956
-4168
-4288
-4272
-4048
-3780
-3592
-3632
-4000
-4192
-4248
-4132
-4084
-3904
-4028
-4056
-3972
-3732
-3580
-3432
-3564
-3284
-3084
-3144
-3100
-3068
-3000
-2748
-3344
-2976
-3512
-3312
-3504
-3496
-3592
-3636
-3564
-3664
-3452
-3456
-3564
-3472
-3520
-3480
-3536
-3464
-3540
-3584
-3396
-3308
-2872
-2916
-2508
-2796
-2780
-3052
-3196
-3352
-3484
-3208
-3092
-2660
-2432
-2584
-2712
-3156
-2960
-1696
6896
300
-3920
-2468
-4508
-3312
-1220
-4828
-7820
-7448
-7076
-6836
-6432
-5460
-3868
-3632
-2324
-2616
-2636
-1880
-2924
-1952
-1204
-2088
-2840
-3392
-3192
-3112
-3440
-3720
-3736
-4624
-5316
-4748
-3300
-2084
-3420
-4364
-3820
-3636
-3812
-2112
308
-952
-5904
-8340
-2652
-1932
-1280
-4764
-2584
-1004
-5648
-4896
-2600
-2012
-2064
-2364
-1508
-1872
-3392
-3940
-4416
-4016
-3224
-2268
-3780
-6932
-6468
-3844
-3852
-2520
-1584
-2192
-1764
-316
-16
-716
-936
328
8020
5184
6612
-4680
-3696
-2020
-8052
-5512
-5260
-5052
-3916
-3272
-3172
-4176
-2728
-1312
-2692
-2632
-2776
-2504
-2968
-1856
-1688
-2092
-1992
-2856
-2004
-2636
-3268
-2604
-4284
-2672
-2908
-2428
-3460
-4140
-1456
-3564
-2016
-2524
-3344
-2060
-4004
-4480
-1500
-5524
-5760
-7756
-5316
-4348
4644
-4044
-9360
-2616
-2640
2324
3032
-2516
-1968
-2628
-6088
-3328
-324
-2240
-3780
-3488
-2764
-3060
-3756
-3512
-3904
-3616
-3536
-3436
-3868
-4084
-3648
-3604
-2980
-3508
-3468
-3136
-2880
-2912
-2940
-2952
-2892
-2804
-2832
-3296
-3532
-3728
-3804
-3368
-3412
-3284
-3948
-4080
-4148
-4180
-4064
-4020
-3700
-3512
-3256
-3168
-3272
-3344
-3848
-4076
-3676
-3236
-2596
-4892
-3872
-3764
-3956
-3884
1252
1012
-3860
-5940
-4996
-2764
-1352
-1032
-1704
-2140
-2620
-2552
-2704
-2492
-2736
-2712
-6932
1508
-2300
-3404
-3740
-2916
-2528
-3520
-1692
-2012
-1960
-1816
-1924
-2020
-1716
-1892
-1172
-2196
-2004
-2288
-2480
-2368
-1880
-1592
-1640
-2140
-2060
-1944
-1796
-1484
-1220
-1960
-1324
-1496
-1708
-1620
-1620
-1412
-1640
-1968
-1784
-1692
-1700
-1304
-1060
-1104
-924
-668
-636
8
132
256
664
896
1044
1164
1684
1788
1592
1236
1056
648
28
1216
1612
1356
2012
2748
3780
7908
2596
1552
3472
3744
3484
2960
3036
3144
2124
2896
2036
1596
-52
-420
312
-608
-2080
-1812
-1564
-2220
-2428
-3124
-3416
-3864
-4140
-4196
-4712
-5220
-5624
-5660
-6020
-6552
-6216
-6840
-6836
-6960
-7020
-6976
-6780
-6864
-6760
-6692
-6696
-6680
-6800
-6732
-6620
-6532
-6680
-6452
-6640
-6440
-6152
-6596
-6148
-5964
-5396
-5280
-4952
-4908
-4676
-4744
-4612
-3900
-3248
-2444
-2212
-1888
-1576
-1532
-1380
-1300
-884
-776
-40
-404
-436
-176
-8
56
516
1040
1260
1596
1928
1860
2168
2072
1848
1640
1424
1812
2156
2612
3372
3800
4008
4280
4592
4692
4780
5064
5276
5204
5248
5104
5076
5120
5156
4976
4680
4792
4972
4844
4972
5152
5336
5320
5372
5296
5308
5252
4992
4720
4720
4728
4584
4692
4760
4916
4816
4532
4828
3064
5292
5148
4780
4928
5252
5772
5652
5848
5624
5388
5760
5524
5832
6088
6340
6692
6580
7040
7200
7424
7756
8168
8000
7704
7692
7576
6760
6620
6680
7140
7020
6824
6392
6848
6804
6764
7152
7572
7796
7516
7012
6340
6840
6316
6612
6256
5360
5260
5500
5784
6048
5664
5476
5340
5100
5060
4028
2548
1804
1572
1984
2000
1436
1008
1948
3732
2616
3132
2208
2048
1300
800
520
-120
-1032
-1336
-1908
-2428
-2948
-3488
-2912
-3088
-4080
-4344
-4576
-4748
-5244
-6188
-3392
-7284
-3856
-5428
-6468
-5064
-5604
-5376
-5440
-5740
-5596
-5588
-5496
-5424
-5572
-5504
-5724
-5648
-5640
-5404
-4848
-5076
-5308
-5480
-5308
-4844
-4276
-3780
-3804
-3380
-3012
-2640
-2200
-1908
-1376
-1200
-1080
-896
-272
-488
576
-452
272
132
236
236
-8
-184
156
548
524
436
296
56
-32
296
-284
-324
-16
-128
-704
-672
-468
-312
-420
-660
-632
-776
-540
-392
92
44
-188
-100
88
44
4
68
316
316
204
388
624
740
812
800
1060
1128
1232
1264
1448
1592
1684
1584
1348
1324
1280
1392
1380
1244
1120
1316
1420
1216
1176
1028
1668
1424
948
1156
2084
1248
1212
1040
948
604
716
848
552
680
732
992
904
864
1220
1356
1540
1780
1684
1804
2060
2272
2272
2084
2336
2508
2980
3128
3144
3080
3136
3096
3392
3540
2944
3012
2380
2308
2144
2600
2080
1948
2028
2116
1728
1668
860
960
2428
4824
6196
6432
6228
5544
5480
4844
4356
4320
4192
3248
3324
2172
1728
704
48
-76
864
1592
2900
4172
5436
4796
3196
3036
7264
6328
6212
6284
5916
7488
7096
5484
4580
3456
3384
2812
1656
1288
456
240
544
268
124
164
-112
-280
-332
-328
-528
-988
-676
-1220
-1792
-1780
-1676
-1712
-2556
-2976
-3020
-3076
-3336
-4032
-3764
-3948
-3848
-4292
-4140
-4140
-4104
-4208
-3968
-4000
-4044
-3984
-3808
-3760
-3668
-3504
-3428
-3148
-3212
-3332
-2672
-2136
-1916
-1964
-1732
-2196
-2892
-2800
-2564
-2940
-2796
-3192
-3324
-3508
-3940
-4232
-4268
-4336
-4348
-4316
-3876
-3932
-4068
-4172
-4244
-4304
-4156
-3804
-4164
-3896
-4020
-3996
-4152
-4136
-4152
-4300
-4364
-4380
-4636
-3776
-3212
-2512
-2512
-2984
-3512
-3256
-3200
-2696
-4004
-3004
-3020
-3192
-3384
-3624
-3576
-4300
-3948
-3984
-3548
-3944
-3652
-3420
-3500
-2808
-3684
-2084
-2628
-2936
-3128
-2976
-2904
-2456
-2672
-3176
-2932
-3064
-3180
-3220
-3276
-3252
-3072
-3244
-3884
-3740
-3868
-3572
-3740
-3880
-3836
-3888
-3920
-4004
-3772
-3628
-3692
-3688
-3848
-3772
-3956
-4028
-3968
-3932
-3860
-3936
-3892
-3948
-3948
-3740
-3848
-3788
-3792
-3656
-3608
-3324
-3472
-3288
-3360
-3428
-3588
-3728
-3592
-3668
-3312
-4068
-3476
-3260
-3476
-3404
-3220
-3104
-2760
1560
-3836
-3872
-2304
-3168
-3344
-2852
-4064
-3572
-3816
-4344
-3860
-3980
-5384
-3032
-3932
-3436
-3424
-3584
-3992
-3660
-3816
-3768
-3808
-3684
-3620
-3416
-3400
-3600
-3436
-3512
-3580
-3156
-3352
-3616
-3520
-3524
-3596
-3636
-3644
-3512
-3532
-3536
-3748
-3800
-3972
-3932
-4368
-4820
-5688
-5740
-5780
-4548
-3732
-3872
-3932
-3744
-3884
-4676
-4032
-4404
-4048
-2976
-2172
-1612
-2752
-4656
-3876
-3924
-3544
-3704
-3564
-3392
-3524
-3528
-2896
-4756
-4528
-3080
-3348
-4928
-4876
-4520
-4812
-3696
-3924
-3688
-4184
-4380
-4608
-4496
-4320
-4252
-4688
-4740
-4688
-4920
-5168
-5224
-4964
-4728
-4680
-4780
-4660
-4920
-4796
-5032
-4948
-4880
-5100
-5296
-5644
-5944
-5988
-5672
-5576
-5660
-5440
-5560
-5472
-5012
-4820
-4976
-5280
-5324
-4796
-4608
-5256
-5368
-5592
-6404
-6740
-8180
-14512
-7732
-3464
-3840
-3284
440
-1452
-2660
-6136
-5412
-4908
-4784
-4312
-3116
-4084
-5276
-3552
-2948
-3200
-3536
-4100
-5568
-6244
-6740
-7632
-8132
-8428
-6508
-7488
-7772
-6736
-8512
-7960
-7604
-5572
-6760
-5864
-6452
-3796
-5792
-5828
-6732
-7020
-8296
-9588
-12852
-4580
-5564
-7464
-8492
-5812
-6936
-8720
-12436
-20016
-3216
-11576
-18076
1884
-2556
-32768
6892
-15168
-25664
-19148
-8244
2972
-6152
-22096
4524
-18376
-6468
-22500
-24000
17280
-31948
10444
6032
-21248
-1872
11732
-16648
-32768
-6376
-32768
-26920
-13072
-11636
-9776
-32768
-24124
-14588
-16648
-16488
-15676
-16044
-18800
-14676
-9076
-4564
48
1128
-572
-3532
-14204
-9632
2440
4364
2668
332
-140
6284
13200
24896
32767
20288
12612
8920
6088
5576
11360
9560
6916
-1144
-612
-4892
-9996
-11944
-15580
-16740
-15872
-18028
-19700
-18296
-19316
-18860
-20160
-23704
-25236
-27528
-28212
-24228
-30592
-28308
-29876
-24840
-30860
-27932
-25264
-22084
-22148
-19988
-18520
-18172
-18244
-15696
-14664
-14684
-14608
-16324
-15104
-2860
5576
-19860
-7584
-32768
-32768
-27520
-19684
-28240
-28400
-30668
2604
-16720
-12252
-2968
-18000
-15848
-1404
5208
-24940
-27392
-22304
-16260
-4368
-5472
-9404
-7488
-3140
-1472
-764
48
2052
640
2220
1272
-160
32
-168
-508
-536
736
2416
3276
4168
3700
5084
4916
4896
5336
5748
5792
5296
4496
2560
676
-1860
-3984
-5648
-5508
-4492
-3252
-1932
-1244
-724
-1008
-992
-996
-944
-1356
-1944
-2204
-2076
-1732
-1336
-972
-1076
-532
-180
-48
220
360
-28
-276
-420
-524
-180
-68
-124
-376
-572
-776
12
300
552
684
776
320
-476
-528
-1476
-376
-2832
-1876
-2716
-2096
-2676
-2300
-5480
-4972
-2796
-3648
-5596
-4192
-5108
-5064
-4296
-4608
-4756
-5056
-5300
-6336
-7648
-8756
-8796
-9172
-9612
-9556
-9484
-10348
-10676
-8552
-10700
-12284
-11016
-9948
-9276
-9768
-12108
-14504
-16736
-24744
-30536
-16864
-8956
-3352
10716
-3676
4248
-11804
-11932
-14004
-10780
-7604
-2184
-2548
-5724
-10276
-8020
-3176
1936
6232
3776
5652
9464
11720
11436
9764
7940
5796
7284
6744
5720
5176
3300
796
-2444
-2992
-4068
-4780
-8380
-8848
-5960
-19496
-12480
-976
-6552
-13516
-14948
-13188
-12096
-11820
-14796
-19336
-21932
-23476
-23648
-24316
-24472
-25400
-26052
-27636
-24076
-22468
-20860
-20732
-20024
-20028
-19412
-17752
-16100
-15452
-14740
-14852
-14328
-14352
-14244
-14800
-15416
-16632
-18240
-19876
-20272
-19852
-18964
-18420
-16596
-17652
-17124
-17788
-19556
-17252
-15920
-14552
-14516
-15168
-14492
-14872
-15488
-18260
-6756
-3840
564
1696
-436
-1824
-2616
-3452
-2248
-1412
-3284
-3888
-180
584
292
2004
568
768
2200
3608
5748
5348
5064
4532
3528
2112
412
-36
156
172
-168
-1176
-1428
-1744
-2460
-2880
-3156
-3460
-3664
-3672
-3560
-3280
-2960
-2772
-2960
-3244
-2604
-1748
-604
688
1160
1036
944
1316
1612
888
424
-1024
-948
-1116
-1208
-1816
-2676
-2928
-3216
-3880
-4240
-4320
-5064
-4644
-4808
-4840
-4928
-4908
-4488
-4196
-3816
-3836
-4048
-4460
-4488
-4344
-3632
-3356
-3500
-3840
-3992
-3996
-4004
-3564
-3644
-3888
-4136
-4052
-4092
-4176
-4632
-4852
-4812
-4660
-4460
-4280
-3792
-3308
-2428
-1760
-1304
-2124
-4512
-5696
-5268
-4220
-5732
1776
1808
-456
-2260
-3772
-6168
-2668
-4300
-324
-124
-224
-980
2460
-2808
-13908
-18176
-9300
-5004
-2148
180
-748
-3044
-5832
-4432
-976
-276
924
508
868
3836
6588
9984
13044
14788
14568
15664
17988
18872
20880
21660
19360
19964
22004
17468
14268
6840
4260
5616
-1844
-6880
-13996
-20672
-25756
-31996
-32768
-32768
-32768
-32768
-32768
-32768
-32768
-32768
-32768
-32768
-32768
-31380
-31388
-32768
-31928
-27144
-25848
-23612
-21532
-18752
-19628
-18212
-17868
-15708
-17528
-20764
-19684
-22448
-26248
-30580
-30976
-29076
-27088
-24520
-21536
-19524
-17332
-17588
-17520
-17488
-16780
-15652
-16412
-15680
-15736
-15928
-18092
-16204
-11520
-9980
-11724
-13004
-14156
-14856
-14868
-13012
-11940
-10356
-8120
-9420
-10580
-10784
-10172
-9168
-9000
-9008
-7440
-7608
-8184
-9552
-9908
-9780
-9572
-9376
-9104
-8100
-7164
-6624
-6708
-5408
-2708
-1208
-752
-704
-176
420
936
3668
5224
4840
2940
6352
8172
7572
4920
3164
180
-1932
-1852
-4008
-5720
-5612
-4292
-4000
-3404
-3132
-2764
-3020
-764
240
560
-604
-3808
-3904
-5108
-5424
-8412
-5804
-5172
-5524
-3528
-4468
-5132
-2252
-3804
-5256
-4520
-4504
-5140
-5752
-5972
-5576
-5176
-5528
-6912
-5892
-5284
-4976
-5072
-5432
-6236
-6032
-5596
-5040
-5048
-6172
-6320
-5924
-5400
-5800
-5760
-5404
-5216
-5036
-5888
-3896
-5532
-5800
-5468
-5356
-5616
-5700
-5812
-5436
-5876
-6688
-7256
-6664
-6272
-6172
-5624
-6464
-5400
-6136
-6324
-5236
-6020
-6500
-5564
-5052
-5992
-4828
-4724
-5112
-5316
-5788
-4844
-5592
-6056
-5776
-5588
-5652
-5376
-5200
-5904
-6080
-6096
-6148
-5928
-5712
-5832
-5588
-4096
-5320
-4572
-4836
-3580
6932
-10528
-6524
-4724
-5280
-5652
-5292
-5464
-4760
-4496
-4364
-4080
-4716
-3904
-4328
-5400
-5588
-5696
-5952
-4780
-4844
-5968
-5820
-5248
-5476
-4804
-3724
-5156
-6064
-4812
-5216
-5612
-5036
-5020
-5976
-3300
-2972
-4900
-1132
-2800
-4408
-4752
-4784
-5172
-6412
-5296
-5364
-6404
-6032
-5192
-4912
-7260
-6916
-5572
-5588
-5216
-5236
-4928
-5236
-5220
-4976
-4412
-4308
-4336
-4416
-4956
-4952
-3924
-3912
-4988
-4928
-4788
-4832
-4708
-4556
-4600
-4664
-4496
-4344
-4208
-4096
-4088
-4064
-3788
-3104
-3528
-4124
-4264
-4004
-3952
-3092
-2848
-2580
-3488
-4792
-4644
-3096
-4356
-4300
-4040
-4876
-5072
-4760
-5336
-5460
-5512
-5504
-5636
-4140
-6652
-6008
-5148
-5492
-4968
-4456
-4392
-5152
-5336
-5268
-6048
-5928
-7108
-7568
-7740
-7388
-7624
-7892
-7812
-6720
-5048
-5224
-5788
-5780
-4164
-5012
-3532
-3192
-3412
-4288
-5504
-5520
-4116
-3596
-4092
-5400
-3076
-2396
-4712
-4076
-1556
-2964
-2924
-2108
-2460
-980
-1396
-2004
-2756
-1624
-2292
-2544
-5460
-6040
-2444
-5020
-2876
-3012
-2996
-3864
-4188
-4484
-4596
-3580
-3084
-3484
-3660
-3936
-3824
-3416
-4180
-4060
-3744
-4080
-4292
-3688
-4312
-4324
-3348
-2808
-3220
-4456
-3944
-4112
-3576
-3840
-4292
-4192
-4256
-4584
-4704
-3988
-4300
-3624
-4000
-3360
-3352
-1936
-1380
-1704
-1556
-1524
-796
-432
-668
-468
-548
-788
-972
-780
-1124
-956
-620
-584
-596
-188
-248
260
-8
-32
-204
-88
-84
560
92
628
1080
632
576
900
612
644
960
444
364
-348
-232
-116
-596
-320
-72
-404
-124
168
108
200
808
992
1384
1868
2272
2124
1632
1420
1404
2792
3548
3796
3524
3256
3240
3592
3816
4308
4664
4896
5008
5876
6612
6624
6200
6160
5560
5264
4796
4368
4252
4104
4160
4236
6216
-232
2268
9964
10656
3232
5248
5172
5356
5248
6036
5240
5628
5164
5104
4672
4692
5292
5656
5280
5592
5028
4908
4976
4584
4524
4496
4356
4420
4608
4740
4748
4724
4332
4148
4032
4212
4452
4536
4304
4172
4120
4628
4468
4392
4232
3900
3960
3812
3616
3700
3968
4144
4060
4440
4356
4332
4312
4592
4456
4700
4956
5004
4620
4596
4428
3536
5000
4108
4932
4528
5728
3124
6120
3248
4680
4144
4636
4308
3920
4112
4484
4436
4420
5248
4220
3920
4212
4668
4700
4764
4048
4424
4544
5100
4724
4788
4688
4784
4728
4740
4632
4508
4164
4072
3996
3780
3724
3528
3468
3460
3384
3348
3296
3260
3404
3712
3904
3988
4012
4516
4624
4164
3524
3484
3444
3264
3260
3124
3208
3204
3100
3128
2980
3204
3260
3060
2976
2688
2596
2388
2332
2136
2128
2896
2480
2220
2216
2348
1712
2120
2164
2468
2580
2824
2956
2804
2520
2276
208
2584
1460
1344
1764
1928
1932
1744
1584
1512
1844
1808
1724
1612
2028
1720
1908
1820
1748
1580
1588
860
16
1248
1856
2416
3240
3352
3568
2856
3180
3152
3272
3408
3972
5164
5700
8936
3928
-5256
-4392
-1184
2188
896
-944
-656
460
672
1192
1480
768
1108
1524
1300
800
544
912
1072
1052
1052
784
1376
1464
1132
1856
1820
2400
856
1156
1244
1240
1172
1304
868
1540
696
608
836
888
344
712
744
292
624
704
656
532
580
276
196
-8
-164
-316
-116
20
360
560
508
320
140
272
416
992
1128
1288
1280
848
308
256
292
32
216
180
252
100
-208
72
116
60
76
8
196
144
340
272
404
360
572
84
1020
1244
356
244
4
216
424
584
480
524
612
644
724
328
448
636
540
624
620
320
260
312
232
220
216
260
120
120
-16
-32
16
-44
-132
-136
-72
-132
44
88
-8
-104
-104
-52
28
-112
196
372
380
260
228
244
-72
-256
-92
40
520
100
-244
-272
-124
-88
-188
-104
-348
32
-40
-96
188
12
216
292
240
276
420
536
484
396
268
-32
-352
-296
-304
-280
-356
-224
-44
-88
60
-312
-320
-356
-404
-500
-464
-288
-140
-176
-88
20
-188
-120
-384
-332
-380
-260
-308
-388
-452
-632
-252
-804
-952
-1008
-1092
-1024
-1124
-1344
-1584
-1396
-1176
-1292
-1852
-1736
-1900
-2116
-2148
-1748
-1780
-1816
-1832
-1676
-1208
-1328
-1104
-1224
-1500
-1528
-1440
-1540
-1748
-1648
-1552
-1516
-1524
-1496
-2036
-2480
-1960
-1180
-1592
-1656
-1712
-1532
-1544
-1360
-1396
-1456
-1436
-1648
-1680
-2068
-1620
-1048
-1764
-1944
-1768
-1852
-1908
-1844
-1696
-1992
-1988
-2224
-2256
-2108
-2048
-2080
-2120
-2340
-2228
-2320
-2436
-2440
-2620
-2744
-2888
-3000
-2936
-3068
-3040
-3068
-3012
-2436
-1776
-1888
-2928
-2916
-2700
-2256
-2320
-2276
-2448
-2420
-2504
-2808
-2648
-2316
-2548
-2640
-2472
-2696
-2976
-2544
-2544
-2736
-3416
-1324
-2448
-2984
-2780
-2508
-2276
-2256
-2580
-2332
-2140
-2156
-1968
-2056
-1964
-1920
-1872
-1920
-1936
-1896
-2036
-1904
-2128
-2152
-2084
-2228
-2160
-2088
-1972
-2056
-2072
-2108
-2212
-2124
-2248
-2180
-2280
-2272
-2304
-2424
-2396
-2356
-2464
-2432
-2384
-2244
-2288
-2228
-2128
-2252
-2120
-2240
-2120
-2024
-2112
-2088
-2308
-2312
-2248
-2124
-2116
-2196
-2140
-2084
-2016
-1988
-2096
-2212
-2128
-2188
-2104
-2104
-2068
-2100
-2020
-2112
-2068
-2088
-2216
-2184
-2176
-2132
-2076
-2068
-2048
-2132
-2108
-2132
-2224
-2168
-2092
-2064
-2152
-2008
-2112
-2032
-1996
-2024
-2052
-2056
-2084
-1956
-1928
-1944
-1980
-1880
-1976
-1916
-1928
-1912
-2016
-2056
-2032
-2060
-2068
-2168
-2024
-2036
-2200
-2128
-2160
-2092
-2276
-2256
-2076
-2044
-2072
-2076
-2104
-2096
-2212
-2152
-2128
-2376
-2248
-2256
-2304
-2408
-2164
-2304
-2228
-2108
-2052
-2032
-2088
-2100
-2012
-1912
-2160
-2048
-2024
-2012
-1996
-2072
-2076
-2004
-1944
-1832
-1880
-1884
-1916
-1888
-1924
-2004
-2008
-1908
-1992
-1980
-1876
-1960
-2028
-1924
-1820
-1984
-1888
-1908
-1928
-1852
-1784
-1856
-1924
-1960
-1948
-1984
-1976
-1880
-1956
-2032
-1832
-1956
-1908
-1892
-1880
-1868
-1916
-1852
-1836
-1860
-1920
-1860
-1776
-1948
-2020
-2032
-1940
-1956
-1968
-1996
-1936
-2012
-1992
-1944
-2020
-1984
-1960
-1972
-1832
-1844
-1848
-1976
-1980
-1888
-1928
-1988
-1980
-1964
-2032
-2096
-2060
-2084
-2032
-1964
-2044
-2116
-2112
-2088
-1952
-1976
-2132
-2152
-2172
-2076
-2044
-2032
-2064
-2024
-2004
-2032
-2144
-2068
-2100
-2036
-1892
-2000
-2032
-1948
-1936
-1968
-1996
-1952
-1932
-1952
-1988
-1924
-2056
-2108
-2104
-2132
-2100
-2092
-1988
-1976
-2040
-2020
-2040
-1944
-2032
-1976
-1860
-1920
-1960
-2052
-1904
-1968
-1972
-2132
-2036
-2016
-2204
-2020
-2088
-2048
-2012
-2004
-2052
-2056
-1976
-2068
-2040
-1952
-1972
-1996
-1988
-1912
-1984
-2076
-1984
-2024
-2028
-2056
-2060
-2092
-1992
-2132
-2076
-2016
-2048
-2100
-2160
-2168
-2144
-2116
-2160
-2176
-2112
-2244
-2212
-2240
-2268
-2248
-2248
-2076
-2052
-2132
-2124
-2132
-2228
-2200
-2060
-2144
-2124
-2204
-2088
-2008
-2004
-1944
-1924
-2076
-2104
-2116
-2012
-1976
-2096
-1996
-2012
-2044
-1964
-2024
-1956
-2036
-1976
-1952
-1932
-2012
-1892
-1988
-2056
-2068
-2000
-2128
-2108
-2028
-1952
-2048
-1996
-2032
-2088
-2056
-2104
-2172
-2084
-2100
-2160
-2072
-2148
-1976
-2264
-2036
-2100
-2180
-2160
-2096
-2248
-2148
-2248
-2228
-2040
-2096
-2084
-1968
-1980
-2004
-1956
-1856
-1760
-1672
-1944
-1884
-1784
-1736
-1904
-1956
-1784
-1920
-1828
-1868
-1788
-1672
-1776
-1732
-1772
-1692
-1772
-1804
-1688
-1696
-1672
-1788
-1764
-1704
-1468
-1596
-1600
-1592
-1664
-1496
-1520
-1536
-1488
-1868
-1560
-1968
-1852
-1576
-1608
-1240
-2140
-1272
-1668
-1532
-1808
-1684
-1848
-1860
-1696
-1896
-1744
-1368
-2516
-1452
-1612
-1652
-1904
-1888
-1756
-1808
-1812
-1764
-1668
-1664
-1616
-1760
-1788
-1712
-1896
-1760
-1860
-1816
-1704
-1796
-1720
-1584
-1712
-1652
-1724
-1692
-1740
-1592
-1736
-1664
-1692
-1668
-1656
-1708
-1652
-1632
-1760
-1652
-1688
-1744
-1812
-1720
-1836
-1760
-1780
-1728
-1960
-1880
-1808
-1752
-1820
-1840
-1656
-1820
-1888
-1752
-1820
-1768
-1700
-1732
-1656
-1688
-1596
-1488
-1636
-1580
-1600
-1628
-1692
-1548
-1600
-1484
-1488
-1568
-1628
-1440
-1484
-1404
-1384
-1372
-1284
-1304
-1312
-1272
-1260
-1260
-1148
-1180
-1152
-1132
-1120
-1188
-1064
-1172
-1040
-1252
-1260
-1232
-1164
-1284
-1276
-1344
-1396
-1332
-1436
-1436
-1388
-1520
-1464
-1572
-1564
-1596
-1532
-1496
-1580
-1548
-1524
-1576
-1648
-1516
-1448
-1348
-1388
-1336
-1180
-1264
-1428
-1304
-1224
-1220
-1248
-1124
-1260
-1148
-1264
-1392
-1236
-1400
-1476
-1540
-1692
-1720
-1720
-1736
-1788
-1844
-1844
-1880
-2012
-1944
-1952
-1956
-2012
-1932
-1896
-1944
-1948
-1944
-2044
-1936
-2064
-2060
-2136
-1988
-2112
-2196
-2296
-2268
-2388
-2332
-2388
-2436
-2608
-2612
-2700
-2708
-2640
-2552
-2692
-2680
-2628
-2592
-2696
-2660
-2672
-2728
-2632
-2640
-2480
-2580
-2564
-2616
-2592
-2400
-2408
-2420
-2268
-2412
-2372
-2224
-2220
-2536
-2040
-2088
-1948
-1872
-2112
-1884
-1884
-1836
-1704
-1700
-1644
-1340
-1376
-1400
-1260
-1244
-1112
-1308
-1216
-1068
-924
-1140
-1368
-732
-1356
-884



