14048
13976
13996
14064
14128
14108
14036
13996
14104
13892
13888
14088
14076
13952
13788
13924
13800
13720
13600
13824
13976
13792
13980
13892
13912
13936
13768
13608
13664
13964
13760
13848
13764
13844
13840
13568
13860
13760
13860
13860
13940
14156
14008
13876
13756
13628
13560
13576
13668
13488
13764
13616
13704
13748
13692
13824
13696
13684
13712
13768
13948
14048
14008
13880
13992
13688
13792
13828
13668
13640
13616
13672
13728
13824
13884
13640
13740
13964
13792
13832
13832
13744
13712
13868
13760
13780
13688
13832
13852
13788
13732
13848
13848
13916
13972
13856
13788
13880
13924
14056
13912
13828
13824
13920
13928
13868
13840
14040
13924
13900
13652
13712
13800
13892
14020
14036
13860
14108
13964
13992
13768
13804
13852
13924
13788
13760
13948
13960
13984
13788
13708
13740
13832
13844
13872
13872
13960
14004
14040
14052
14104
13924
13680
13784
13876
13908
13872
13632
13512
13496
13596
13776
13784
13836
13780
13816
13660
13684
13824
13468
13536
13264
13256
13264
13248
13452
13196
13276
13176
13092
12980
13100
13036
13308
13440
13568
13708
14028
14296
14252
14140
13920
13876
13656
13408
13324
13392
13296
13108
13272
13388
13300
13068
12952
13336
13092
13392
13660
13720
13608
13152
12496
12452
12604
12568
12920
12816
12768
12820
13260
13848
14420
14072
13404
12768
12660
12356
12040
11940
11692
11792
12380
12712
13200
13608
13668
13436
13012
12872
12540
12072
11540
11552
11692
12104
11844
11480
10560
9924
9812
9760
10040
9928
10344
10276
10112
9956
10212
10736
10856
10500
10308
10364
10312
10120
9628
8684
8360
8172
8304
8260
8808
9116
8836
8648
7964
7520
8012
7952
8056
8684
8400
8380
8416
8568
8456
8284
7760
7748
7564
7672
8080
8008
7968
7828
7980
8024
8036
7908
7584
6944
7060
7208
7036
6728
6624
6808
7236
7084
6944
6316
6084
5828
5968
5996
6504
6772
6456
6372
6344
6364
6212
5440
5460
5144
5176
5312
5424
5084
4584
5016
5264
4884
5120
4664
4452
3992
3900
3660
3180
3280
3728
2740
2880
2168
1600
2048
2688
3724
4100
3620
2908
2120
848
-80
60
312
232
-240
-1088
104
-1060
-1680
-2232
-2752
-3004
-2576
-2116
-4740
-4524
-4800
-4244
-4080
-4940
-5600
-5916
-6680
-7144
-7036
-7160
-7268
-7008
-7736
-8072
-8224
-7336
-9676
-9440
-9984
-11404
-10192
-11304
-11096
-10876
-10464
-10440
-9160
-8812
-8116
-8332
-8004
-7872
-7104
-7332
-7320
-7416
-6680
-6168
-5740
-5108
-4796
-5540
-5104
-4824
-5612
-6460
-6128
-6428
-7196
-7212
-8300
-9092
-9252
-9404
-10108
-8560
-9272
-8324
-8680
-7912
-7344
-7412
-7388
-8200
-8192
-8540
-8548
-8008
-7384
-7676
-7224
-6840
-6592
-6032
-5516
-5336
-4936
-4456
-3636
-3184
-3120
-3184
-2944
-5232
5120
4120
-2596
-2788
252
4548
5456
3292
10228
9784
6452
6592
8204
8796
9720
10184
10476
10000
9504
9908
10152
10492
10756
10780
10816
10724
11040
11400
11924
12472
12764
13028
12704
12428
12200
12072
11920
12100
11880
11756
11988
12376
12580
12572
12076
11844
12024
12000
12160
12324
12756
12644
12628
13136
12752
11956
15536
13736
12580
13332
14260
13280
12356
12612
13008
13356
13216
12900
12760
12780
12740
13280
10780
10260
12348
13204
13036
12516
12412
11948
12400
12904
12880
12256
11620
11884
12180
12492
12196
11612
11068
11064
11080
11488
11200
10232
10396
10312
10628
10120
9680
9012
8120
7036
6220
4140
2220
-24
2268
724
-1544
-2060
-3520
-5008
-6532
-7092
-8472
-12604
-6936
-8912
-14596
-17008
-12880
-13812
-16936
-20528
-22432
-26608
-26292
-26672
-24504
-24636
-28536
-27748
-25256
-19348
-12168
-6108
776
7412
7772
8104
9512
9464
7524
2224
-4312
-7208
-11000
-13692
-12508
-13376
-10476
-11048
-12280
-8048
-10908
-10636
-7708
-5880
-5008
-5384
-5668
-5404
-4656
-4052
-3256
-3252
-3844
-4292
-4516
-4496
-4532
-4728
-5036
-5176
-5284
-6784
-8140
-6844
-80
-8160
-12248
-8416
-8160
-9576
-11648
-12588
-12908
-9388
-8436
-14028
-12224
-8312
-8636
-10020
-9916
-7296
-3260
-1980
-2680
-1576
-2436
-2776
-52
1976
2804
4400
3332
3372
4144
5084
7032
7248
6780
6944
6392
6904
6640
6420
7416
8076
8360
8196
8096
8696
8480
8752
8880
8944
9036
9228
9624
10004
9780
10016
10612
10976
10640
10536
10920
11012
11392
11472
10816
10808
11004
10984
11144
11192
11120
11776
11888
12064
12104
12056
12064
12356
12836
13240
13384
12984
12800
12732
12864
12820
12548
12088
12380
12432
12588
12440
12124
11988
11912
11924
11832
11928
11276
11624
11448
11800
12380
12828
12844
12652
12676
11960
11872
11588
11848
11672
11472
11500
11184
10648
10600
11032
10956
10888
10772
9884
9020
8668
7824
6924
5784
4468
2584
1544
-164
-1384
-3224
-4048
-6644
-8240
-9348
-11176
-12932
-15912
-17448
-20440
-22548
-24168
-25884
-27104
-27664
-27876
-28244
-29284
-28824
-28740
-26996
-24044
-21480
-20748
-18116
-13484
-10280
-6936
-5492
-2784
-3408
-6744
-7436
-8628
-10584
-11372
-11832
-11624
-11360
-11628
-10972
-11436
-11372
-10040
-9672
-10156
-10032
-10888
-9388
-9564
-9296
-8812
-8504
-8104
-8244
-7280
-7956
-8252
-9764
-12208
-13328
-14760
-14404
-14400
-14448
-13908
-12400
-11764
-10880
-10096
-8804
-7620
-6112
-5720
-5916
-5952
-6804
-8024
-9696
-9600
-8452
-8036
-7860
-7828
-10564
-12368
-12196
-9544
-8064
-8000
-7372
-6604
-5872
-4952
-4164
-3204
-2900
-1972
-1224
-1384
-664
-628
-1640
-232
1144
1580
1148
92
-372
-256
152
736
916
2284
1656
544
2488
7700
9184
5036
5544
8400
9796
9560
8200
6916
7644
7072
7392
8952
6964
6432
7552
8168
7880
7788
7888
10276
10620
11132
12164
12224
11964
11620
11156
11052
11584
12060
12536
11116
11140
11460
11140
12236
12576
13228
13472
13668
14640
16008
14340
15500
15464
15080
14964
15444
15260
14648
15384
15220
15564
15500
15692
15576
15880
15244
15252
14980
15264
15380
15260
15396
15624
15184
15024
14592
14020
13724
14044
14284
14500
13700
13044
12772
12892
12708
11396
11848
12020
12076
11624
10924
9788
8988
9060
9580
11196
10604
12016
13936
13124
13024
11280
3308
15632
16616
14540
12620
10116
10240
10580
12596
13780
12132
12040
10464
11612
13376
10844
10632
10144
11020
11500
12300
11288
12676
12652
12972
13408
13800
13664
13096
13656
12116
11832
11952
12832
11632
11456
11264
11188
10524
10616
11400
11088
10620
10932
11296
11792
11228
11268
11132
11588
11532
11564
11108
12040
12540
12572
12916
13264
12352
12620
12924
11540
10544
10412
10932
11200
10868
10736
11056
11404
12168
12344
12300
11832
11604
12360
12688
12164
11928
12128
11972
11772
12312
11960
11284
11472
11840
12228
12116
11836
11588
11700
11240
11020
10424
11576
11428
11540
11212
11248
10880
11312
11472
11248
11100
11124
11364
11516
11584
11276
11240
11260
12388
12456
12284
12580
12436
11568
11536
11620
11580
11488
11720
10884
11924
12008
12644
14332
10988
10128
10204
12816
11784
11644
11268
11744
12704
12756
12700
12728
13172
13528
12996
13144
13272
12796
13312
12140
11428
11748
12016
12348
11988
11928
12072
11828
11408
11416
9820
11440
11644
11168
10744
10140
10048
9836
9748
8616
7448
6552
5812
5120
4596
2824
2088
380
-1504
-3604
-4852
-6036
-8064
-10220
-11196
-12600
-14156
-15980
-16932
-17352
-18596
-20988
-22436
-24432
-25328
-25904
-26200
-25940
-25684
-22676
-20776
-20328
-18668
-20252
-17936
-14128
-12748
-12540
-12360
-11260
-5780
-8888
-8940
-4968
-10896
-8888
-5424
-6224
-5564
-4916
-5508
-5484
-5880
-5100
-4812
-5240
-6336
-6560
-7104
-5184
-4388
-3556
-3348
-3516
-3648
-2828
-2148
-2060
-2292
-2732
-2456
-2320
-2332
-2416
-3132
-4012
-3820
-3220
-2936
-3372
-4096
-4712
-5540
-5328
-4488
-4248
-4036
-3272
-2528
-2188
-1536
-760
-268
412
512
-524
-1444
-2084
-1372
24
1092
1268
1448
1960
2108
2548
2428
2692
3680
3620
3512
4080
4396
4856
6232
6436
7024
7940
8340
7752
7988
7952
8000
7916
7864
8452
8916
9560
9872
9856
10408
10320
10304
9868
9684
10060
10532
11100
11520
12188
11540
11556
11732
11812
12084
12352
12532
12832
12940
13080
13076
13352
13404
13264
13060
12772
13044
12956
12656
12196
12168
12440
12472
12692
12612
12848
13220
13456
13404
13236
13104
13480
13324
13408
13236
13196
13152
12928
12552
12668
12616
12768
13220
13288
13648
13760
13708
13744
13580
14008
13916
13584
13072
12868
12996
12888
12680
12332
11976
12100
11564
11204
10936
10208
9144
8156
7412
6832
6200
4716
3388
1908
688
-1884
-1716
-2752
-4192
-4920
-5856
-6276
-8344
-10120
-11696
-12704
-14336
-15496
-17092
-17180
-17640
-17680
-18220
-18440
-17848
-17128
-15548
-14440
-14212
-13660
-12728
-10772
-9692
-8376
-6316
-4480
-3644
-4184
-5332
-5320
-5288
-5696
-5548
-5140
-4936
-5012
-5256
-4212
-4760
-4948
-4584
-4720
-4644
-5740
-6036
-5704
-5880
-5944
-5768
-5040
-4384
-3704
-3020
-3340
-2768
-2400
-2880
-2624
-2268
-1136
4
-52
-568
-1164
-1828
-1892
-2004
-1684
-1672
-1220
-844
-1300
-2360
-2304
-2108
-1564
-1628
-2064
-1556
-1364
-1192
-1108
-1184
-1436
-2088
-1932
-1116
-56
1136
1280
1412
2124
1784
3252
3608
4400
4944
5812
5992
6008
7136
7260
7960
8612
9176
9216
8660
8700
8808
8968
9200
10016
10512
10824
10428
10492
10856
11724
13084
12512
12180
11664
11924
12300
12592
12880
12700
12356
12484
12436
12940
13220
13136
12780
12624
12772
13008
13452
13580
13620
13680
13076
13084
13440
13364
13424
13300
13216
13244
13328
13360
13400
13568
13652
13584
13564
13484
13104
13028
13096
13116
13196
13044
12764
12864
12828
13492
13784
14016
14176
14056
12848
14180
14520
14172
14088
13292
12644
12572
13092
13288
13372
13260
12680
12296
11980
12136
12308
12044
11864
11052
10508
9912
9632
9712
9176
7912
6800
5800
4092
2960
1988
1164
-56
-1136
-2188
-2892
-4328
-5252
-6728
-8248
-10540
-11536
-13352
-14660
-16164
-17108
-17364
-17356
-16596
-14960
-14560
-13940
-12756
-11928
-10184
-9044
-7740
-6100
-4952
-4560
-4040
-3672
-3540
-3460
-3580
-2380
-1176
-2808
-5304
-7820
-7356
-5464
-4584
-3704
-4460
-5312
-6664
-6288
-6744
-6384
-5560
-5532
-6056
-6300
-5484
-4944
-4444
-4196
-3828
-3148
-2956
-2636
-2592
-2368
-1688
-1388
-1680
-2108
-2204
-2044
-2268
-3376
-4088
-4852
-4552
-4388
-4012
-3280
-3220
-3620
-3776
-3860
-3316
-3332
-3240
-2388
-1592
-740
304
1120
1896
2228
2840
4240
5216
5316
5668
6284
7500
8568
9268
10372
10660
11072
11208
11516
11484
11812
11788
11768
11100
11160
11196
11000
11356
11052
11048
10748
10772
10920
11200
12108
12372
12736
12508
12260
11992
12044
12812
11264
11556
10872
9076
15940
14308
13024
13040
11200
12600
19992
15300
10508
10656
12040
13956
15708
15640
13372
12252
11508
13444
13300
15276
13112
12464
12776
12900
13524
13636
14044
13820
13948
13268
12876
12976
13188
13444
14104
14540
14432
13660
12536
12172
12248
12964
13328
13832
13936
13688
13156
13028
12652
12496
12288
12176
12192
11932
11804
11976
13636
13336
12968
13472
14000
13960
16456
13672
12040
13100
13284
14916
24468
13680
13792
12228
13132
13948
11204
9700
11288
14932
18792
15804
11680
8696
12392
15424
13460
10160
11908
12964
11076
11228
11916
12244
12200
12100
12212
12848
13220
13476
13544
13360
13348
13772
14052
14020
13884
13332
12928
13164
13184
13300
13556
14348
14388
13904
13612
13592
13300
13464
12360
22484
13792
8640
6952
9428
12424
13616
14896
12592
12028
13924
14152
13988
14016
13368
12748
12396
12840
13084
13488
13576
13528
13268
13124
12924
12816
12780
12880
12268
11784
11396
11872
12360
13588
14332
14360
13960
13604
13752
14056
14460
14704
14620
14880
14564
14660
14508
14368
14364
14292
14204
13608
13960
14692
13876
12600
12468
12560
13124
13388
13372
12252
12208
12732
14276
14048
13792
13424
13524
13820
14332
14696
14284
14036
13748
13800
14040
14296
14104
14224
14008
13868
14612
14336
14768
14896
14452
13896
14972
13176
13080
13436
12452
12880
12440
11808
11648
11384
11808
9852
11080
9664
8484
7072
5672
4536
1336
232
-1796
-4408
-7336
-10128
-12140
-13844
-16368
-18440
-19916
-22244
-22344
-23196
-24196
-22708
-21676
-20424
-21388
-22432
-22916
-22988
-22784
-22212
-21172
-20864
-20060
-19780
-19892
-18836
-16636
-15440
-15564
-15656
-14580
-13924
-12708
-12192
-10892
-9692
-7780
-6852
-4988
-3676
-3708
-4360
-4088
-2984
-2748
-2144
-1856
-2152
-1860
-2264
-2636
-2044
-2336
-3084
-3668
-3744
-3696
-3240
-2276
-1868
-1916
-1976
-1528
-648
332
832
1132
296
-88
88
40
-32
-168
-380
-568
-372
-112
-116
404
836
1524
2136
2480
2564
2536
2148
2216
2620
2592
2944
4116
5180
5368
5264
5332
5484
5712
6044
6644
7624
8600
8904
9000
8424
8784
9492
9724
9696
9616
9436
10288
10764
10944
11148
11356
11464
11488
11420
11960
12000
11776
11492
11396
11424
11748
11924
12532
12968
13200
13572
13612
13248
13160
13500
13284
13172
12964
12724
12500
12576
12708
13048
13300
13092
13216
13004
13328
13360
13336
13000
13020
12444
12380
12072
12340
12496
12872
13088
13224
13236
13308
13504
13892
14016
14032
13724
13564
13556
13364
13500
13396
13516
13508
13140
12752
12376
12744
12980
13248
13016
12780
12844
13216
13244
13348
13712
13740
13816
14128
14112
14096
14156
14032
13652
13664
13804
13628
13576
13504
13552
13492
13404
13300
13324
13412
13628
13580
13284
12668
12608
12668
12332
12000
11984
12268
11552
11404
10628
9892
9280
8928
8688
7532
5744
4952
2800
-1084
-2832
-4412
-8096
-11088
-14480
-16636
-19548
-21280
-21232
-20464
-20892
-20600
-20372
-19516
-19156
-19540
-20004
-19944
-20116
-21620
-22544
-23372
-23560
-23284
-22808
-22180
-22276
-21120
-20048
-17660
-16164
-15816
-14360
-12936
-12096
-11468
-9804
-9184
-8168
-7532
-6472
-5036
-4160
-3388
-2668
-2928
-2688
-2056
-1284
-1400
-1244
-684
-728
-1160
-1668
-1880
-2232
-2636
-2824
-3000
-2900
-3192
-3376
-3684
-3916
-3884
-3964
-4504
-4588
-4604
-4300
-3472
-3116
-2732
-2312
-1976
-1536
-888
-444
-68
-172
-160
44
172
12
200
728
1652
2420
2328
2020
1904
1692
1532
1348
1624
2160
3256
4164
4704
4448
4368
4132
4592
5160
5076
4868
4952
5328
5488
5836
5960
6544
7292
7940
8332
9084
9300
9764
10256
10900
11504
12180
12564
12800
13360
13752
14096
14028
13736
13384
13160
13080
12660
12124
11652
11856
11528
11468
11472
11660
11880
11768
12052
12360
12580
12708
12824
13004
13196
13020
12968
13152
13312
13468
13344
13404
13400
13688
13768
13784
13896
13684
13852
14116
13872
13824
13880
14368
14592
14112
13900
13948
13696
13892
13816
13932
13860
14076
13920
13864
13928
14072
14196
14004
13536
13160
12720
12600
12324
12252
12288
12196
12416
12488
12424
12428
12520
12596
12612
11956
10888
9724
8864
7788
6684
5488
4436
2708
1004
-728
-2376
-4908
-6840
-8520
-10044
-12192
-14224
-15092
-15744
-16712
-17216
-17748
-18456
-19352
-19696
-20120
-20860
-21444
-22088
-22744
-23128
-24416
-24756
-24452
-24500
-24852
-24612
-24244
-24428
-23696
-23236
-22532
-21536
-20392
-18664
-17092
-15896
-13900
-12028
-9472
-7564
-5580
-4416
-2812
-1860
-916
-332
24
244
344
1112
1856
1704
1640
1576
1876
1536
1344
1336
824
620
940
1204
1804
2180
2448
2752
2772
2872
3028
3424
3548
3644
4212
4224
4352
4496
4336
4560
4564
5132
5416
5792
6012
6332
7344
7812
8088
7988
8128
8388
8592
8828
9224
9280
9404
9756
9696
9700
9900
9836
10064
9680
9684
9428
9768
10092
10516
11064
11540
12032
11912
12232
12632
13852
14324
14600
14584
14400
14596
14708
14312
14412
14448
13960
13760
13624
13612
13512
13448
13392
13536
13284
13172
13044
12960
13072
12868
13092
12720
12860
13188
13320
13324
13288
13796
13964
14208
14508
14476
14468
14160
13836
13792
13952
14124
14088
14168
14080
14076
14100
14136
14060
14100
14172
14208
14320
13892
13724
13944
14344
14256
14244
14168
13996
14064
13944
13900
14184
14200
14052
14044
14252
14256
14164
14148
14320
14436
14444
14236
14240
14088
14156
14264
14104
13856
13956
13920
14020
13832
13856
13868
13712
13804
13724
13592
13552
13700
13800
13672
13816
13644
13584
13888
13748
13640
13688
13716
13588
13588
13496
13564
13484
13308
13412
13528
13556
13508
13336
13476
13828
13964
13808
13720
13612
13464
13576
13872
13752
13720
13540
13736
13692
13884
13940
14148
14232
14360
14316
14268
14352
14440
14316
14188
14344
14044
14280
14224
14320
14296
14028
13724
13900
13860
13828
13812
14032
13860
13980
13844
13652
13320
13164
12652
13120
13268
14212
13160
13328
12272
12984
13648
14004
14740
12964
16112
16048
17176
-2692
13236
2188
2912
12752
20912
21288
13376
12188
13648
15048
14360
14344
15184
15472
14336
14024
13788
13184
12676
10872
11788
11212
10768
10592
10684
10888
11520
11796
11528
11684
11540
13528
15176
15500
15736
16100
16032
14292
13884
14188
14724
12616
11744
12840
15124
14360
12792
13216
14192
14020
12816
14368
14220
13664
12064
11384
10084
11220
12788
13024
10016
9708
9068
8404
10460
12136
11844
7724
9540
13228
15580
14168
14372
13476
13944
13464
11424
11744
11984
12608
13600
14340
17136
16416
15444
14364
12492
11104
11680
11268
11304
12308
13232
14040
13724
13412
13152
12776
13916
14204
14408
14280
14240
14656
14064
14208
12704
11720
11752
11976
10932
11512
13708
13972
13936
13932
14012
13580
13156
13284
13016
13044
14308
14792
15416
16152
17160
15756
13892
12572
11044
10268
10208
9684
7808
5976
4720
5812
9440
11004
15412
15140
16852
18908
20592
19032
19496
9564
-340
-12016
-25592
-32768
-32768
-30240
-30400
-26832
-23844
-19552
-15124
-13012
-11796
-11136
-11732
-10208
-6748
-5048
-460
1784
3328
3796
5388
5960
6416
7188
5976
3884
564
-1168
-5372
-8120
-8740
-11008
-9956
-10152
-10412
-10696
-9968
-10164
-9848
-8696
-7612
-6288
-5224
-4316
-4164
-2120
-1324
-1452
1372
4964
1216
-2560
5968
13692
14080
7304
716
-2596
-3252
-1536
440
3084
3552
4864
6120
3660
2408
1644
1952
2896
3804
4608
4428
3044
1952
1156
1204
1252
840
1508
1832
3264
3780
3660
3008
2408
2232
2148
2368
3040
3440
4124
5104
6580
7796
8744
9724
10772
11436
12244
12048
11584
10640
9572
8684
8244
8268
8220
7864
7884
8084
7960
7692
7508
7196
7332
7720
8028
8652
9128
9936
10944
11244
11616
12224
12840
13500
13936
14296
14748
15204
15064
14896
14624
14184
13888
13640
13352
13056
12648
12292
12088
11700
11552
11304
11172
11392
11304
11136
11232
11552
11740
11972
12192
12552
13020
13456
13452
13636
13780
13776
13720
13368
13180
13004
13312
13684
13688
13768
13876
13548
13428
13092
12920
12540
12392
11852
11372
11016
10748
10884
10980
11784
12192
12412
13192
14612
14724
15212
11880
9736
7504
6072
4616
2012
156
-1108
-1632
-1276
-2364
-3252
-4416
-5316
-4376
-4740
-4564
-4700
-6656
-9096
-13240
-18016
-21764
-25312
-26372
-27656
-26368
-23272
-16924
-13160
-7624
-4284
-1432
-1440
-3096
-5504
-8420
-10528
-12608
-13972
-15632
-15424
-16808
-15248
-15364
-14552
-13600
-13060
-12720
-12756
-12112
-11344
-9856
-9224
-7464
-6704
-5228
-5228
-3188
-1768
-1636
-1128
-1148
-164
472
1308
1840
2872
2580
3040
3076
340
-204
-320
-500
-1708
-1428
-1384
-2068
-1152
-668
-2036
-1488
-2048
-648
-1736
-1944
-1432
-1868
-1104
-248
740
1364
2632
3876
5624
6564
6600
9156
9036
10488
11016
11824
11616
11452
11256
11796
12156
12572
12552
12528
12088
11464
11144
10864
10924
10996
11000
11704
12120
12528
12636
12440
12356
12080
11696
11220
10664
10720
11216
11432
11544
11204
10932
11000
10772
10460
10460
10480
11148
11836
12676
13284
13500
13548
13672
13956
14100
14028
14124
14136
14264
14472
14440
14320
13636
13128
12836
12484
12432
12176
11972
11620
11420
11340
10996
11240
11360
11620
11916
12164
12316
12720
12996
13440
13380
13496
13584
13920
14352
14096
14112
13996
13920
13912
14108
14268
14284
14724
14832
14568
14072
13232
12260
11320
10484
9804
9548
9444
8844
8008
6200
5068
5248
5728
5832
7704
6504
5116
2692
968
-1136
-4764
-7864
-10308
-12788
-16276
-20300
-23552
-27944
-30796
-31732
-28708
-23992
-16456
-11788
-5584
-1660
1108
1784
-1304
-4376
-6172
-15300
-13956
-17028
-19824
-20616
-20048
-19628
-17400
-15896
-14268
-13184
-12252
-11148
-10052
-9620
-8936
-8212
-7608
-6764
-6572
-5716
-5156
-3620
-4404
-3884
-3720
-3964
-3096
-3184
-3244
-3088
-2792
-2900
-2304
-2240
-3168
-1184
-2216
-3552
-3928
-3888
-5260
-6696
-5480
-5460
-4804
-4536
-3832
-2840
-1084
1180
2644
3668
3552
3652
3068
4056
776
6948
4684
6244
6192
6428
6484
6012
4604
3868
3608
3320
2968
2972
2672
2788
2876
3148
3036
3276
4072
6084
8472
12000
14380
16736
18104
19348
19332
18320
17240
14804
13312
10616
8980
6652
5156
4496
4152
5196
6120
6680
7236
7508
8080
8532
9280
10096
11028
11772
12364
13804
14860
15060
14996
14752
14468
14164
13804
13592
13464
13244
13380
13304
12864
12432
12124
11612
11380
11032
10772
10436
10516
10740
11004
11180
11784
12068
12376
12648
12668
12660
12440
11984
11632
11452
11540
11784
12044
12356
12648
13140
13248
13316
13316
13344
13056
13100
13064
12816
12792
12828
12712
13036
13520
14228
14908
15424
15832
16112
15912
15748
15184
14624
13476
12840
12576
11948
11544
11236
11240
11240
11492
12252
12828
13480
13664
13332
12872
13160
13784
13228
13192
13464
13200
13536
13304
13840
14248
13872
14928
15684
15976
15144
14768
14292
13908
14392
14336
14812
15168
15388
15564
14484
14292
14492
14340
14160
16152
17764
16820
13784
13688
15060
14460
14636
11072
13488
12256
12840
13612
12972
12824
12044
11964
13664
13120
13788
12580
12464
12404
11508
11848
13012
13740
13648
13220
12416
12100
12216
12056
12084
12064
11828
12048
12524
13160
13036
13300
13400
13680
13632
13508
13456
13664
13848
13916
13780
13720
13248
13044
12952
13076
13332
13260
13544
13712
13884
13888
14084
14168
14036
13852
13860
13548
13596
13772
13988
13980
13972
13872
13616
13476
13500
13792
13844
14120
13924
13952
13976
13988
13780
13652
13528
13616
13632
13412
13352
13260
13228
13356
13136
13080
13364
13632
13356
13372
13416
13456
13476
13488
13500
13628
13640
13504
13724
13840
13844
13892
13824
13408
13256
13020
12772
13040
13136
13504
13760
14120
14028
14000
14060
14004
13880
13768
13512
13508
13280
12532
12140
12120
12652
12932
13068
13096
13536
13652
13676
13784
13616
13764
13864
13828
13716
13692
13568
13192
13260
13196
12932
12824
12700
13012
13240
13620
13440
13624
13704
13700
13568
13420
13000
12896
12968
13140
13220
13416
13748
13876
14032
13976
14220
14228
14448
14420
14292
14516
14480
14352
14236
14196
14040
14112
14032
14304
14436
14576
14548
14648
14512
14396
14188
14280
14060
13660
13172
13112
12828
12764
12752
12820
12816
12864
12852
12860
12924
12952
12988
13000
13120
13196
13176
13212
13196
13364
13204
13032
12672
12680
12432
12440
12320
12692
12744
12664
12792
12684
12732
12792
12608
12828
12732
12796
13040
13092
13260
13088
13288
13500
13480
13332
13552
13412
12324
16112
13336
13784
13992
13904
14148
13936
13872
14668
13012
12580
12516
13480
13688
13564
13380
13340
13096
13188
13348
13656
13712
13820
13760
13740
13884
13932
14060
14168
14040
14404
14480
14252
14180
14140
13956
13692
13856
13588
13440
13556
13260
13472
13424
13280
13424
13360
13304
13368
13436
13452
13340
13436
13776
13880
13988
14076
14068
13836
13768
13692
13520
13532
13492
13572
13552
13500
13568
13488
13476
13324
13312
13216
13192
13164
13208
13152
13308
13268
13408
13508
13740
13828
13424
13656
13436
13616
13512
13408
13108
13288
13220
13176
13240
13068
13200
13220
13268
13256
13596
13564
13704
13844
13828
13780
13692
13596
13596
13756
13672
13792
13760
13632
13760
13912
14008
13900
14156
14052
13760
13824
13912
14160
14340
14512
14596
14796
15100
15308
15644
15696
16044
16260
16576
17100
17568
18204
18836
19264
19784
20332
20712
20820
20896
20948
20776
20620
20904
21484
22072
22800
23332
23976
24344
24980
25776
26612
27516
28320
29040
29412
29980
30416
30604
30568
30040
29992
29716
29640
28940
28316
27540
26916
26064
25040
24396
23380
23032
22164
21308
20760
20084
19240
18192
17228
16364
15336
14460
13604
12992
11928
11052
10500
9596
8752
7804
6544
5164
4184
3704
3192
2684
2072
824
740
-904
-1276
-1948
-2720
-2920
-3280
-3836
-4336
-2760
-5008
-5580
-6308
-6392
-6768
-6736
-6760
-7076
-7384
-7436
-7296
-7336
-7244
-7220
-7140
-7416
-6548
-5824
-4948
-4256
-4560
-4328
-4432
-4160
-3868
-4288
-4216
-4472
-4776
-4880
-5224
-5200
-5032
-4620
-4288
-4072
-3480
-2304
-1232
-268
1296
2380
3188
4136
5128
6768
8232
9744
11300
12092
12248
12392
12544
12944
13560
14280
14968
15884
16760
18196
19316
21108
22064
24092
25544
26184
27544
32767
32767
32767
31104
25056
26208
27240
26272
27264
27844
27652
26976
26380
24400
24508
24728
24644
23704
22692
22312
22328
22268
22032
21192
21292
21216
21076
20096
19124
19008
18480
17836
17520
17336
17108
16624
16304
16264
16620
16108
16236
15836
15328
14692
14036
13736
13432
13108
13204
13460
13180
13000
12624
13080
13012
13040
12772
13220
13368
13116
13160
13372
13400
13712
14072
14496
15208
15632
16024
16612
17376
17876
18336
19020
19248
19968
20708
21024
21504
21832
22280
22624
23064
24092
25008
26104
27444
28540
29048
30324
31612
32767
32767
32767
32767
32767
32412
32216
32024
31388
30560
29788
29168
28776
27872
27064
26052
25400
24688
23372
22436
21476
20596
19616
19048
18136
17216
16392
15320
14004
12560
12612
10704
9320
9604
9832
9848
9220
9076
9496
7816
5744
3912
4184
3564
3596
1740
564
-992
-2072
-2768
-2336
-3520
-3704
-4336
-4628
-4948
-4576
-3832
-3440
-2824
-2540
-2664
-2620
-2516
-2492
-2372
-2040
-1952
-2056
-1720
-2140
-1788
-1244
-800
-720
-548
-336
-260
-464
-532
-708
-1012
-1140
-1128
-1156
-1392
-1464
-1428
-1352
-1604
-1476
-1296
-836
-464
148
852
1940
2596
3216
3460
3732
4016
3952
4308
4436
4572
4496
4276
4784
5604
6788
8488
9896
11656
13524
14368
14840
15396
15944
16708
17120
17400
17432
17364
17192
17260
18116
18564
19396
20524
21336
21304
11720
26000
30472
22564
20052
19848
21648
21040
22656
22952
22020
21612
20164
20116
20280
20932
21684
21820
21584
21348
21328
21332
21352
20952
20892
20844
20744
20780
20708
20988
20640
20224
19604
19372
18964
18036
17760
17256
16816
17036
16888
17192
17320
16560
15908
15428
15988
15540
14980
14464
14288
13940
13988
14016
14292
14316
14056
14120
14188
14040
14040
14144
14012
14144
14288
14368
14492
14708
14716
14940
15224
15376
15256
15276
15304
15672
15824
16096
16320
16652
17084
17364
17688
18024
18188
18744
19256
19648
19892
20168
20452
20460
20840
21084
21304
21928
22256
23036
23700
24300
24660
25388
26000
26632
26732
26624
27064
27076
27364
27520
27924
27960
27888
28412
28244
28088
27476
26960
26152
25416
24680
23668
22612
21808
20556
19528
18736
17656
17272
16944
15672
14596
13348
12708
11904
11444
10672
9636
9056
7840
7324
6548
5956
5192
4132
2968
2152
1396
776
-156
-960
-1336
-1464
-1644
-2036
-2640
-3004
-2556
-2412
-2100
-2120
-2448
-2248
-2200
-2216
-1740
-1556
-1520
-1172
-808
-556
44
444
1048
1568
2184
2408
2528
2608
2608
2084
1756
1560
1092
1208
880
772
608
772
896
964
1144
1192
1296
1252
1672
2068
2732
3048
3308
3596
3828
3900
3992
3980
3896
3748
3484
3632
3624
3836
4320
4556
4600
4644
4812
5260
6156
6340
6968
7336
7924
8328
8712
9356
10180
10980
11552
12624
13336
14196
14844
15560
16140
16308
17108
17612
17588
18188
18028
18276
18340
18112
9520
15436
30216
21412
16640
16584
19676
21468
22528
21644
23668
22000
22088
21588
21636
21520
21332
20680
19992
19568
19388
18260
17756
18004
17956
18404
18828
19324
18744
18692
17988
18456
18164
18428
18304
17900
17708
17448
17560
18468
18904
18872
18444
18300
17868
17292
16808
16904
16748
16396
15868
15780
15880
15824
15992
16152
16056
16056
16048
15744
15440
15508
15264
15240
15020
14972
14684
14752
14632
14480
14228
14076
13924
13820
13244
12664
12428
12216
12188
12120
12064
12284
12372
12744
12820
13092
13304
13512
13684
13676
13756
13816
13740
13748
13920
13916
14152
14224
14232
14220
14280
14348
14688
14904
14716
14760
14576
14432
14148
13996
13548
13496
13568
13544
13316
13024
12780
12892
12832
12820
12940
13076
12944
12792
12840
13060
13220
13100
13068
13004
12908
13184
13332
13324
13360
13408
13464
13608
13380
13340
13472
13304
13336
13152
13384
13220
13080
13008
13004
13120
13264
13288
13248
13632
13464
13704
13592
13660
13776
13656
13408
13592
13416
13400
13212
13344
13356
13420
13376
13372
13192
13428
13392
13604
13452
13552
13656
13676
13680
13804
13912
13968
14128
14124
14124
14132
13988
13724
13624
13520
13412
13116
13108
13328
13232
13360
13484
13428
13460
13356
13220
13292
13408
13344
13268
13244
13088
13432
13432
13052
12968
13000
13040
12944
12824
13096
12848
13124
13144
13152
13256
13292
13144
13224
13148
13060
13384
13276
13288
13404
13304
13404
13168
13324
13100
13308
13392
13316
13408
13520
13612
13476
13492
13368
13352
13360
13088
13180
13104
13236
13364
13308
13524
13456
13464
13412
13372
13412
13656
13808
13808
13836
13920
13908
13876
13712
13756
13796
13700
13824
13640
13676
13724
13700
13772
13908
13724
13748
13808
13768
13620
13704
13652
13488
13560
13476
13700
13612
13480
13704
13616
13864
13952
14084
13868
13852
13944
14020
13936
13784
14068
14340
13592
13184
12948
13076
13048
13712
13856
13484
14148
13792
12780
12372
11312
11564
7564
17236
7136
2084
17576
14616
12180
14004
13284
13052
12088
12984
13376
13720
13972
14768
14400
13888
13676
13848
14160
14096
14320
15224
15664
14148
15876
7732
10156
10040
14080
16448
16232
15780
12676
12596
12624
13468
13924
14848
15112
15520
14220
15364
14896
15148
15048
15664
15184
15276
14736
14296
14356
15516
15380
16396
15300
14884
14060
12712
12536
12920
13048
12180
12228
12000
10864
12848
13672
11556
12824
11132
9900
12268
14672
15908
13564
15728
13004
16168
19124
15884
14276
14632
16492
15752
15100
14576
13712
12864
11932
10924
11216
11544
12020
12300
12532
12816
13140
13024
12464
12528
11796
11216
11912
12800
14800
15916
16092
15664
15096
14804
14460
14080
14196
16256
20408
21864
24400
26220
16824
8564
2308
1656
5932
8608
13856
14732
14912
15476
15020
13828
12972
14668
13892
15848
13648
13864
11172
11448
10012
9644
12572
13388
14612
13788
13056
13764
16176
15040
14644
14540
15100
15668
15640
15200
14692
13920
13632
13496
13224
13108
13352
12360
11624
9268
19024
14484
12644
11400
12168
14996
15440
15408
13696
13524
15336
14100
15308
15160
14248
13000
13820
13936
18096
14904
13104
14952
13324
12812
10456
9608
10412
11724
12332
13020
13096
11696
12352
12708
12528
13484
12404
11660
11628
12548
13944
14676
17672
14368
14088
14504
12952
12780
14548
13784
15328
13300
13032
12760
12544
13068
13136
12060
13336
13436
13152
13252
13056
13012
12408
14388
13920
13104
14308
14504
13788
12992
13600
13392
14204
14564
13768
13984
14804
13796
14320
14020
13988
13840
13884
14128
14476
14144
14508
13960
13444
13832
14192
13768
13728
13548
13464
13572
13968
13656
13328
13772
14520
14692
14584
14444
13680
13560
13504
13536
13400
13800
13500
13352
13304
13300
13428
13348
13620
13464
13136
13164
13372
14120
14372
14500
14092
14076
13856
13948
13752
14000
13972
14152
14316
14024
14084
11888
14012
13284
13084
12628
12780
12420
13216
13220
13252
13564
13588
13424
13640
11584
13140
13148
12516
12088
12740
11988
12852
16004
12152
10324
11888
13212
13608
13792
15772
15004
14328
13344
12672
12756
12848
13296
13632
13432
13644
13640
14132
14020
14096
14124
14012
13820
13784
14016
13660
13296
13168
13024
12656
12292
12508
12892
13640
14008
14832
15020
14868
15484
14224
14660
13852
13676
13460
13288
13144
13232
13208
13084
12668
12264
12216
11708
11584
11904
11460
11484
11964
11472
11824
12388
12936
13624
13352
15440
14580
13980
14048
13452
13256
13300
13372
13716
13888
13596
12816
13080
12660
12456
12892
12836
12740
12972
13128
11952
13316
13016
12856
12872
13360
13216
13360
13696
13836
14224
14152
14152
14156
14468
14200
13580
13780
13232
13600
13748
13680
13432
13460
13224
13188
12912
13712
13504
13540
13672
14020
14132
13928
13548
13368
13584
13316
13048
13392
13260
13420
13364
13612
13644
13500
13360
14116
13984
13980
13912
14048
14056
14024
14092
14244
14136
13896
13820
13836
13908
13800
13684
13760
13944
13372
14128
13916
14004
14076
13852
13976
13612
13188
12888
13388
13540
13564
13492
13308
13472
13700
13344
14696
14380
14436
14704
14436
14356
13948
13960
14120
14132
13928
13904
13848
13816
13804
13780
13684
13472
13576
13652
13504
14396
13804
13860
13736
13724
13560
13460
13188
13188
13176
13152
12996
12872
12508
13956
13268
13340
13540
13660
13948
13944
14032
14408
14064
13376
12988
13168
13504
13304
14388
13608
13384
13604
13424
13452
13296
13348
13324
12512
13244
13516
13344
13580
13804
13752
13768
13900
13664
13564
13200
12948
12952
12900
13192
12800
12992
13164
13504
13420
13396
13512
13216
13136
13196
13328
13536
13700
13752
14024
14236
14008
13816
13740
13708
13616
13664
13612
13824
13924
14220
14324
14448
14344
14444
14340
14176
14016
13788
13796
13808
13588
13584
13456
13568
13728
13724
13912
13708
13876
13724
13816
13900
13776
13808
13668
13800
13884
13860
13676
13696
13812
13600
13724
13840
13740
13780
13832
13932
13996
13824
13832
13764
13800
14028
14012
14016
14084
13840
14028
13960
13984
13844
13728
13796
13860
13572
13412
13204
13092
13196
13284
13508
13576
13628
13600
13692
13716
13680
13604
13364
13396
13316
13516
13688
13692
13868
13772
13784
13812
13728
13636
13628
13520
13400
13360
13480
13716
13616
13644
13744
13512
13608
13200
13268
13484
13604
13452
13688
13444
13116
13352
12116
13808
14032
14344
14196
13744
13676
13628
13420
15296
13412
13276
13584
13524
13504
13476
13664
13748
13664
13768
13724
13868
13864
13964
13832
13564
13764
13908
14140
14016
13840
13772
13864
13784
13856
13584
13628
13788
13916
14052
13920
13992
13820
13504
13544
13824
14048
14000
14100
14012
14060
13764
13760
14672
13532
13532
13700
13700
13832
13948
13828
13776
13876
13828
13656
13660
13716
13720
13872
13896
13764
13740
13984
13660
13984
13576
13540
13652
13604
13400
13372
13492
13644
13584
13732
13628
13808
13812
13876
13808
13860
13892
13780
13696
13544
13416
13552
14080
13524
13688
13892
13868
13704
13800
13564
13720
13736
13624
13640
13684
13800
13996
13984
13968
13948
13924
13876
13808
13872
13780
13944
14092
13980
14056
14068
13960
13892
13784
13904
13972
13840
13880
13960
14156
13688
14036
13864
13952
13992
13908
13928
14048
14012
14056
14088
14108
14112
13912
13792
13724
13616
13392
13268
13296
13168
13356
13408
13416
13560
13608
13452
13656
13596
13612
13580
13332
13356
13524
13656
13496
13732
13552
13828
13360
13460
13288
14112
13316
13224
13576
13572
13664
13628
13692
13784
13852
9508
14000
14732
13904
13192
13636
13916
13768
13604
13692
13688
14064
13336
13664
13652
13648
13428
13956
13852
13524
13860
14116
13828
14272
13500
14108
13936
14352
14408
24120
11776
14800
15312
14656
14868
14912
14204
14392
14348
14436
14316
13456
13076
14772
12584
12456
12420
14492
12836
12060
13280
13048
13640
7572
14152
7876
18312
12380
14576
19680
13932
14444
15836
13904
14468
14104
13596
13456
13200
13736
13260
13364
12980
12700
12448
12788
12324
11616
11544
11940
12548
12560
12596
12324
12272
12000
11716
12264
5948
11392
13048
11460
10648
11848
12912
12996
13364
12348
12488
11848
10756
10696
10156
9896
9548
8916
9896
9184
8840
9264
10844
8996
9044
9720
8880
8144
8148
6368
8532
5412
7676
4592
7440
4912
6792
6580
6480
7240
5216
6152
4440
5616
3604
4648
2948
2908
1360
1648
1772
2540
2492
3292
2316
2184
2432
1088
984
1560
1664
1020
260
624
648
-28
168
-308
-372
-684
-420
212
520
436
420
404
224
-80
-372
-720
-728
-896
-1616
-2152
-2996
-3432
-3592
-3684
-3620
-3556
-4400
-5044
-5416
-5524
-6100
-6540
-6844
-3016
-10096
-8032
-5212
-3732
-13324
-11140
-6772
-10772
-6924
-7516
-8228
-8444
-9148
-9116
-12932
-11568
-9952
-12360
-12548
-12684
-12964
-13140
-12920
-13156
-13236
-13620
-14076
-14008
-14352
-14240
-14764
-14860
-14776
-15320
-15380
-15904
-15644
-15872
-15936
-15512
-16084
-16432
-15940
-16704
-16584
-16784
-17380
-17284
-17308
-17524
-17192
-17416
-16944
-16804
-16188
-15928
-16176
-15900
-16052
-15840
-15932
-15468
-16468
-17708
-17892
-18060
-18792
-17392
-17556
-17760
-18412
-18940
-21288
-19560
-19816
-20064
-19880
-20680
-19944
-19988
-20040
-19388
-19160
-18732
-19600
-19600
-18828
-19400
-19376
-19096
-18512
-17620
-17468
-23016
-20740
-19048
-18712
-18440
-19020
-20544
-21280
-22336
-22988
-22572
-21372
-20856
-20144
-19972
-19436
-18824
-18820
-18748
-18032
-18024
-17716
-17980
-18000
-18980
-18764
-18800
-18680
-18868
-19036
-19248
-19376
-19344
-19200
-19100
-19304
-18608
-18584
-18552
-18708
-18572
-18736
-18644
-18316
-17892
-17996
-18292
-18460
-18492
-18216
-17904
-17924
-18044
-18404
-18212
-18172
-18396
-18396
-18380
-18404
-17996
-17812
-17564
-17260
-17196
-17276
-17208
-17312
-17120
-17316
-17088
-17096
-17052
-17272
-16952
-17444
-17264
-17296
-17092
-17060
-17164
-17272
-17616
-17660
-18080
-18348
-18392
-18356
-18860
-18936
-19364
-19496
-19624
-19532
-19364
-19208
-19280
-19344
-19448
-19668
-19652
-19756
-19716
-20248
-19696
-19292
-19304
-19704
-20456
-20556
-20752
-20028
-20432
-20068
-20640
-21016
-21148
-21044
-21276
-21208
-21348
-21580
-21504
-21560
-21820
-24128
-22548
-21880
-20548
-20688
-21904
-21052
-20740
-20296
-19528
-21280
-20948
-20500
-19620
-18928
-19004
-19376
-19840
-19852
-19480
-18836
-19528
-18852
-19128
-18780
-18648
-18556
-19056
-18124
-18148
-17968
-18332
-18464
-18564
-18676
-18440
-18728
-18228
-18080
-18560
-18508
-18720
-18532
-19060
-18676
-18252
-18400
-18712
-18716
-18952
-19056
-19248
-19276
-19928
-20300
-19960
-20248
-20224
-20660
-20216
-20076
-20300
-20108
-20796
-20568
-20544
-20660
-20624
-21076
-20920
-20952
-20580
-20008
-20024
-19852
-19924
-19924
-19708
-18844
-15920
-14628
-14836
-15684
-16188
-17124
-17168
-17644
-18672
-18908
-18956
-18836
-20176
-17352
-21064
-22860
-23444
-19676
-22700
-26816
-16868
-29388
-29412
-26244
-17388
-13004
-15476
-18216
-20100
-19328
-18108
-17008
-17132
-18040
-18028
-17296
-17312
-17872
-18708
-19860
-18208
-18852
-19956
-23524
-22164
-18144
-17428
-18452
-17880
-17100
-19176
-18408
-15016
-15120
-16392
-16460
-15696
-15756
-16596
-16916
-17380
-16948
-17012
-17572
-18100
-18160
-18256
-17560
-17232
-17708
-18136
-18688
-18760
-18760
-19056
-19032
-18832
-18772
-18356
-18320
-17568
-17404
-17236
-17068
-17532
-17660
-17880
-17864
-17832
-17636
-16908
-16840
-16708
-17120
-16952
-16644
-16108
-15864
-15868
-15748
-16364
-16608
-16796
-17204
-17568
-18080
-18552
-18840
-19060
-19420
-19728
-19840
-19480
-19116
-18252
-17976
-17856
-17848
-17936
-18128
-18076
-17752
-17656
-17716
-17856
-18104
-18836
-19008
-19096
-19088
-19108
-19144
-19284
-19220
-19068
-19044
-19052
-19044
-19272
-19608
-19248
-19268
-18568
-18108
-16844
-17744
-18724
-18548
-18388
-17964
-17540
-17732
-17764
-17952
-18200
-17940
-17380
-17452
-17620
-18008
-18048
-17872
-17720
-17456
-17668
-17984
-17940
-17892
-17652
-17912
-17820
-17564
-17788
-17600
-17520
-17320
-17424
-17264
-17180
-17344
-17312
-17408
-17488
-17496
-17532
-17432
-17412
-17464
-17448
-17172
-17972
-18452
-18932
-18836
-18476
-18184
-18100
-18420
-18676
-18684
-18900
-18720
-18556
-18500
-18232
-17940
-17568
-17812
-17772
-18064
-17960
-17644
-17920
-17860
-18144
-18208
-18540
-18200
-18072
-17844
-17992
-18280
-18168
-18420
-18776
-18152
-18968
-19180
-19748
-19748
-19240
-18352
-18024
-18032
-18320
-18852
-18748
-18596
-18396
-17560
-18020
-18612
-18828
-18708
-18716
-18120
-18800
-19152
-18736
-18344
-17896
-17400
-17032
-16652
-16856
-16944
-17192
-17484
-17088
-17188
-18276
-18656
-19064
-19180
-19388
-19332
-16624
-19080
-23184
-20836
-20028
4372
-29092
-25004
-28752
-22072
-19384
-13080
-18396
-16812
-18432
-20708
-17508
-18116
-17804
-20836
-19516
-20316
-20520
-20372
-20328
-20588
-20236
-20600
-20216
-19988
-19668
-19320
-18848
-18752
-18812
-18272
-17740
-17928
-18260
-18252
-17736
-18292
-17672
-17304
-16952
-16916
-16940
-18224
-18836
-19644
-20284
-19612
-18964
-19128
-19176
-19080
-18536
-18420
-17752
-17952
-18224
-18340
-18284
-17996
-17708
-17188
-16484
-16636
-16980
-17728
-18100
-18264
-18260
-18376
-18400
-18316
-18116
-18280
-18516
-18560
-18532
-18196
-18080
-17828
-17904
-17740
-17508
-17124
-16588
-16740
-16780
-16800
-16300
-15540
-15444
-15076
-15364
-15496
-15392
-14816
-14316
-13124
-12244
-11556
-11300
-10756
-10276
-8940
-8260
-6736
-4692
-2740
-1324
-952
-936
2548
1244
4208
7520
11160
12060
15624
13508
14332
14556
12484
3000
8356
8996
6400
876
-2360
-7460
-13136
-21196
-28204
-32768
-32768
-32768
-32768
-32768
-32768
-32768
-32768
-32768
-32768
-32768
-32768
-32768
-32768
-32768
-31576
-31308
-31688
-32428
-32768
-32768
-32768
-32768
-32756
-32324
-29720
-31040
-31264
-29504
-28016
-27020
-26416
-26688
-26268
-25148
-24016
-23120
-22204
-22232
-21924
-21688
-22260
-22528
-23076
-23496
-23876
-24260
-24604
-24440
-24272
-24272
-24400
-24376
-24512
-23888
-23624
-23036
-22084
-22036
-21344
-20964
-20100
-19748
-19452
-18968
-18668
-19400
-18804
-18632
-18460
-17492
-17256
-16116
-15148
-14904
-14376
-14040
-14268
-14600
-15372
-14972
-15692
-15680
-15200
-15116
-15404
-14536
-13228
-12176
-12040
-12080
-12996
-13224
-13424
-13296
-13112
-13456
-13468
-13748
-13440
-13088
-12816
-13020
-13448
-13964
-13972
-14188
-14912
-14288
-14380
-13988
-13564
-13500
-13836
-13920
-13544
-13428
-13720
-13564
-13372
-13264
-13100
-13020
-12852
-12564
-12304
-12088
-12308
-12616
-12848
-13428
-13932
-14028
-14184
-14432
-14752
-15020
-15224
-15256
-15224
-15192
-14844
-14628
-14204
-13772
-13292
-12640
-12044
-12108
-11740
-11452
-11124
-11376
-11392
-11112
-10624
-9792
-8868
-8092
-6644
-5128
-4036
-2904
-2028
-580
-108
540
864
1264
2596
3832
4788
5300
6876
7000
7676
7520
7896
6432
5180
3352
712
-1220
-3708
-6212
-8320
-9964
-15308
-22316
-29252
-32768
-32768
-32768
-32768
-32768
-32768
-32768
-32768
-32768
-32768
-32768
-32768
-32768
-32340
-27896
-24636
-23132
-20272
-19784
-20260
-21320
-23800
-25580
-27256
-29268
-30888
-32016
-32476
-32768
-32768
-32768
-32768
-32768
-32656
-32056
-31608
-31456
-31520
-31432
-31020
-30992
-30796
-29588
-28268
-26612
-25644
-23480
-21324
-20624
-20612
-20968
-20828
-20436
-20320
-21040
-21652
-22580
-22792
-21800
-20784
-18232
-16088
-13604
-11348
-10492
-10964
-11664
-12168
-12156
-11628
-11188
-10576
-10296
-10404
-10208
-9856
-9872
-9880
-9876
-10192
-10684
-11068
-11004
-10944
-10788
-11240
-12012
-12564
-13392
-13644
-13876
-13756
-13896
-13740
-13416
-12984
-13160
-13084
-13036
-13132
-13320
-13612
-14152
-14804
-15096
-15712
-16256
-16012
-15952
-16088
-16028
-16356
-16564
-16288
-16180
-15956
-16388
-15864
-15872
-15356
-15116
-14500
-14252
-14172
-14320
-14180
-14192
-13952
-14140
-14268
-13932
-14044
-13828
-14036
-14024
-14136
-14224
-13984
-13952
-13900
-13832
-13896
-13660
-13336
-13052
-12672
-12304
-11824
-11636
-11268
-10652
-10156
-9820
-9508
-9404
-9560
-9412
-8760
-8080
-6824
-5640
-4084
-2512
-1172
-96
656
1624
2732
4740
6496
7616
10364
12800
14708
16144
16328
17272
17828
17864
16900
15092
12968
11188
9000
5656
3884
-668
-4132
-13644
-22196
-32768
-32768
-32768
-32768
-32768
-32768
-32768
-32768
-32768
-32768
-32768
-32768
-32768
-26352
-22580
-18428
-14924
-14084
-13448
-14500
-16980
-18612
-20300
-21812
-23904
-24720
-24824
-24888
-25260
-25396
-25864
-25980
-25624
-25636
-24684
-23460
-20624
-18884
-17052
-17320
-17404
-17452
-16720
-16060
-15796
-15084
-14476
-13368
-12992
-13180
-13772
-14588
-15592
-16220
-17872
-19416
-20136
-20276
-20560
-20404
-20812
-20800
-20236
-20056
-19144
-18712
-18464
-18696
-18968
-18640
-17936
-16416
-14788
-13860
-11992
-11308
-12972
-14724
-16516
-16964
-16360
-15576
-14924
-14360
-13672
-12960
-12756
-12956
-13968
-15012
-16488
-17580
-17752
-17652
-17472
-17264
-17200
-16924
-16232
-15624
-14320
-13272
-12948
-13512
-13916
-14876
-15200
-15088
-15404
-15496
-15376
-16316
-14920
-15276
-15232
-15304
-15584
-15988
-16496
-16724
-17128
-17056
-16888
-16540
-15960
-15480
-15524
-15904
-16108
-16160
-16284
-16060
-16072
-16612
-17428
-18188
-19152
-19296
-19492
-18696
-18420
-18368
-18040
-17880
-17632
-17820
-17572
-17772
-17772
-18120
-18812
-19256
-19636
-19832
-19584
-19408
-19168
-18956
-18800
-18744
-18744
-18472
-18036
-18024
-17560
-17292
-16928
-16952
-17032
-16916
-16996
-17100
-17388
-17752
-18188
-18468
-18592
-18728
-18576
-18652
-18636
-18432
-18232
-18168
-17804
-17556
-17264
-17180
-17356
-17156
-17120
-16956
-16816
-16708
-16668
-16784
-16924
-16900
-17100
-17120
-17412
-17644
-17712
-18004
-18500
-18860
-19332
-20120
-20336
-20624
-20408
-20084
-19584
-18996
-18688
-18628
-18504
-18288
-18196
-17988
-17856
-17896
-17772
-17712
-17696
-17700
-17836
-18568
-19680
-20404
-20556
-20352
-20368
-19956
-19900
-19652
-19784
-19628
-19392
-19476
-19388
-19508
-19828
-19708
-19916
-19992
-19616
-19316
-18956
-18708
-18224
-18160
-17976
-17516
-17400
-17448
-17464
-17636
-17732
-17836
-17856
-17784
-17752
-17780
-17888
-18152
-18708
-18888
-19480
-20120
-20552
-20788
-21128
-20984
-20608
-20108
-19992
-19668
-19192
-19092
-18592
-18744
-18468
-18488
-18156
-18176
-18168
-18224
-17804
-17564
-17340
-17640
-18048
-18552
-18836
-19220
-19408
-19756
-20096
-20120
-20496
-20360
-20396
-20376
-20324
-20324
-20128
-19692
-19156
-18716
-18424
-18372
-18168
-18200
-18228
-18300
-18360
-18516
-18544
-18840
-19220
-19340
-19396
-19448
-19384
-19664
-19804
-20092
-20204
-20068
-20100
-19660
-19600
-19352
-19208
-18980
-18704
-18580
-18604
-18836
-18796
-18968
-18892
-18756
-18868
-18844
-18904
-19044
-18796
-18736
-18796
-18628
-18516
-18308
-18236
-18468
-18416
-18904
-18816
-18824
-19068
-19388
-19332
-19600
-19516
-19372
-19244
-19240
-19104
-19224
-19008
-18768
-18936
-18976
-19200
-19124
-19276
-19216
-19268
-19732
-19484
-19488
-19540
-19516
-19160
-19024
-18992
-18848
-18600
-18836
-18716
-18704
-18772
-19040
-18824
-18836
-18780
-18984
-19172
-19332
-19560
-19560
-19724
-19904
-19664
-19784
-19728
-19756
-19520
-19740
-19372
-19176
-19244
-19192
-19252
-19264
-19360
-19452
-19620
-19540
-19540
-19516
-19296
-19316
-19092
-18816
-18432
-18236
-17528
-17088
-16692
-16348
-16116
-15428
-14756
-14192
-13492
-12716
-11728
-10524
-9488
-8756
-8200
-7348
-6692
-5264
-4612
-3324
-3756
-1656
-1320
-520
544
1296
2364
3344
3376
2196
1804
2352
3276
4660
5436
6248
6328
5376
4152
2704
1264
-952
-4448
-9036
-17232
-24268
-32768
-32768
-32768
-32768
-32768
-32768
-32768
-32768
-32768
-32768
-32768
-32768
-32768
-32556
-28912
-27588
-26064
-25264
-24676
-24504
-24124
-24272
-23988
-24124
-24480
-25632
-26360
-26768
-26088
-25692
-25024
-24584
-23800
-22788
-22468
-21348
-20500
-18976
-17356
-15948
-14616
-13824
-13068
-12352
-12040
-11920
-12096
-12592
-12840
-12316
-12060
-11944
-11848
-12168
-12320
-12228
-11708
-11680
-11392
-11920
-12128
-12532
-11992
-11644
-10672
-9652
-7700
-6240
-5352
-4464
-3540
-3212
-2492
-2496
-2704
-3520
-4644
-5612
-6672
-7404
-8624
-9504
-9844
-10300
-10588
-10820
-10732
-11916
-12992
-10004
-10492
-10192
-8940
-7908
-8024
-9308
-8376
-9056
-9720
-9700
-9412
-9680
-9600
-9608
-9732
-9820
-10344
-10972
-11864
-12464
-13100
-13716
-13760
-13688
-13584
-13448
-13132
-12756
-12596
-12796
-12900
-13136
-13692
-13824
-14076
-14336
-14480
-14668
-15220
-15596
-15532
-15404
-15196
-14816
-14372
-14536
-14148
-14132
-13992
-13780
-13132
-12712
-12252
-11632
-11116
-10760
-11228
-9164
-9792
-9924
-9248
-8684
-7848
-6948
-7288
-7092
-6704
-5244
-3904
-2488
-848
-640
924
2288
3944
4416
5396
5116
4212
3972
4284
4700
5096
6384
7280
6860
6064
5776
5560
4752
4776
3460
3324
2080
1836
1260
112
-604
-1080
-2120
-3784
-6504
-10516
-16004
-21544
-28424
-32768
-32768
-32768
-32768
-32768
-32768
-32768
-32768
-32768
-32768
-30728
-25720
-20028
-15192
-11328
-10120
-11076
-12988
-15068
-18356
-20360
-21564
-22324
-23776
-25032
-26240
-27368
-27796
-27844
-27760
-26600
-26380
-26264
-26280
-27532
-27412
-28188
-27892
-26980
-25268
-23776
-22536
-21684
-19380
-17972
-15000
-14160
-12924
-12692
-12992
-13120
-13252
-14236
-13776
-12468
-11992
-11528
-11080
-8380
-5296
-11984
-9472
-11564
-10500
-4896
-7692
-6632
-5384
-4476
404
2024
2496
3460
2652
4092
1128
496
-2620
-3936
-6884
-6268
-7624
-9404
524
-11024
-14080
-7796
-7848
-7192
-3740
-4060
-3508
-2168
-760
780
-408
1404
916
196
-468
-884
-1732
-2388
-3360
-3784
-3712
-4336
-4176
-3772
-3800
-3356
-3224
-3256
-3112
-2736
-2572
-2336
-2256
-2240
-2516
-3072
-3648
-3988
-4068
-4104
-4020
-3904
-3800
-3620
-3232
-2588
-2452
-2128
-1924
-2456
-2888
-2752
-3320
-3248
-3164
-2732
-2272
-2084
-2100
-2084
-2304
-3644
-4276
-2624
-1896
-760
-524
124
504
628
1148
2832
5240
8264
11760
14924
16152
17628
17716
18016
19088
19976
20340
18704
17132
15840
15536
14672
14092
13856
13100
11876
9460
6152
4348
2200
412
-1696
-5068
-7696
-11660
-16984
-24540
-32768
-32768
-32768
-32768
-32768
-32768
-32768
-32768
-32768
-32768
-32768
-29672
-24412
-18668
-15020
-15324
-19032
-22952
-28280
-32572
-32768
-32768
-32768
-32768
-32768
-32768
-32768
-32768
-32768
-32768
-32160
-30308
-29076
-27360
-25828
-25228
-24556
-24900
-23760
-22544
-21244
-19132
-17496
-17148
-16132
-15332
-14632
-14344
-14080
-14040
-14624
-14552
-14716
-14452
-9468
-5028
-16968
-13444
-11624
-13824
-10672
-10508
-12880
-8340
-8012
-5264
-4092
-2508
-540
308
104
2584
5224
6332
5356
6840
5440
4180
6096
5252
3300
1484
888
1184
-892
-40
9408
18332
-7164
-10560
3664
-1784
788
2968
24
540
80
-484
-1400
-2588
-844
-3160
-2604
-2344
-2320
-2220
-2124
-1748
-1916
-2048
-2484
-2736
-2840
-2888
-3056
-3212
-3692
-4320
-4916
-5948
-6204
-6824
-7032
-7064
-7040
-7232
-7444
-7404
-8052
-8288
-8476
-8624
-8784
-8872
-9036
-8948
-9580
-9996
-9984
-10528
-10636
-11188
-11296
-11080
-10452
-10388
-10404
-10348
-10772
-10948
-11072
-11440
-11252
-11320
-10740
-10440
-10160
-10236
-10264
-10340
-10768
-11264
-11416
-11664
-11340
-11048
-11012
-11000
-10848
-11956
-12616
-13396
-13492
-12840
-12724
-12460
-12816
-16344
-19896
-17160
-12584
-14544
-11444
-5108
-5684
-6264
-6368
-8964
-9064
-9448
-10216
-8860
-7808
-8548
-11092
-12848
-13924
-13736
-14516
-14400
-14948
-15316
-14212
-13792
-13184
-13004
-13160
-13180
-12716
-11912
-10832
-10612
-11688
-11108
-11312
-10168
-9600
-9664
-9816
-11384
-13096
-13360
-7532
-19932
-16608
-8260
-13076
-12612
-13228
-16736
-3252
-4552
-8860
-11020
-11592
-12116
-13064
-14184
-16084
-16136
-17168
-16776
-15648
-13220
-13984
-14080
-14944
-15340
-18408
-21556
-26076
-27980
-28800
-28752
-29624
-29336
-29240
-28524
-32768
-31352
-15836
-11996
11632
-9528
-17948
-21812
-20072
-18576
-15348
-15580
-15716
-17448
-15036
-14744
-15668
-17676
-16520
-18952
-21164
-16736
-16112
-17652
-17700
-18188
-16648
-16032
-19112
-14668
-18932
-20756
-16244
-13568
-11012
-16160
-15928
-16072
-15448
-11020
-12928
-13692
-11996
-8388
2868
-12336
-7836
-6064
-7052
-10844
-9448
4124
-32768
-30816
-21804
-13088
-14256
-24252
-18756
-22140
-2120
-8896
-8292
-11976
-15388
-17548
-17180
-16184
-17852
-17764
-17656
-17364
-16436
-15416
-15332
-15308
-14056
-14364
-14236
-14532
-14444
-15492
-15508
-15164
-15128
-14988
-15172
-14476
-13756
-13680
-13684
-12536
-11484
-10488
-10096
-10836
-11980
-12572
-13492
-13888
-13432
-13456
-13180
-12940
-12596
-12672
-13124
-13876
-15924
-16600
-15696
-14656
-13896
-17564
-14740
-15312
-15060
-15768
1872
1292
-11776
-22336
-24212
-19668
-15832
-15132
-16260
-17636
-17532
-17848
-17912
-17320
-17452
-18248
-32684
-14728
-12316
-18252
-18756
-16796
-16688
-21240
-15032
-16380
-15316
-14796
-15348
-17404
-15480
-15144
-13848
-16404
-16308
-19200
-19792
-20012
-17880
-18356
-19104
-20708
-21152
-21208
-24080
-21600
-20272
-20296
-21232
-21392
-23168
-23880
-24824
-25200
-26092
-25796
-26576
-26164
-26608
-26532
-27048
-27984
-28928
-31080
-31820
-32768
-32768
-32768
-32768
-32744
-30820
-30144
-28288
-27564
-26680
-26040
-26052
-26724
-27012
-26388
-27340
-26248
-25580
-23608
-22208
-19480
-18708
-16996
-10176
-5260
-1092
5240
10040
18448
24660
29840
32767
32767
32767
32767
32767
32767
32767
32767
32767
32767
29048
25672
21748
19556
16748
15364
14636
14388
14872
14864
15940
17904
18960
20800
22616
23476
24204
24228
23772
22844
21664
20752
19488
18564
17536
16520
16012
15832
15680
16104
16912
17668
17968
18824
19252
19340
19800
19460
18964
18916
18864
18696
18648
18456
18180
17492
16828
16392
16056
15536
14652
13172
11328
10520
8568
6712
4472
2568
796
-1680
-3108
-4852
-5388
-5920
-7184
-8000
-9232
-10732
-12344
-14112
-15528
-17024
-18300
-19300
-20624
-21428
-22604
-23780
-24616
-25748
-27168
-27652
-27764
-27820
-27960
-27732
-27668
-27060
-26824
-26548
-26220
-25748
-25136
-24808
-24684
-24556
-24728
-24640
-24832
-24836
-25104
-24928
-24548
-24668
-24360
-24428
-24544
-24572
-24496
-24660
-25332
-25472
-25632
-21284
-28628
-24244
-25472
-25504
-24960
-25648
-26176
-26176
-26904
-26456
-26408
-26540
-26760
-26464
-27284
-28064
-28876
-29872
-30036
-30612
-31528
-32684
-32768
-32768
-32768
-32768
-32768
-32768
-32768
-32768
-32768
-32768
-32768
-32768
-32768
-32768
-32276
-31592
-31984
-31768
-32768
-31160
-29160
-28000
-25912
-23776
-22220
-18484
-16244
-13004
-9804
-7592
-4052
-528
4656
8772
13456
19664
24652
32632
32767
32767
32767
32767
32767
32767
32767
32767
32767
32767
32767
32767
32767
32548
30184
28408
25712
23552
21944
21192
19604
18492
18544
18192
17360
17656
16804
13672
18412
13532
15672
14800
12836
12136
11552
11212
10496
10068
10136
10092
10544
11304
11876
12436
12924
13220
13516
13148
13684
13996
15076
16064
16376
17476
17648
18428
18624
18248
17416
16972
15724
14824
13248
11664
10052
8064
7180
5372
3448
1208
192
-792
-1988
-3176
-4564
-5680
-7360
-8812
-10368
-11896
-13316
-14688
-15388
-15864
-16660
-17424
-17208
-17688
-18392
-18420
-19304
-19944
-20856
-21768
-22308
-22640
-22872
-22876
-22908
-22944
-22952
-22556
-21136
-20696
-20392
-19936
-19352
-19080
-18584
-18168
-17716
-17844
-18152
-18356
-19140
-19904
-20460
-21448
-22548
-22936
-23584
-24044
-24468
-24828
-24812
-24560
-24604
-24344
-24200
-23580
-22704
-22408
-22340
-21612
-22180
-19460
-21232
-20576
-19104
-19992
-20484
-20072
-19816
-20020
-19812
-19816
-19868
-19860
-20004
-19844
-20508
-20624
-21172
-21400
-21176
-22508
-23088
-23552
-24328
-24956
-25908
-26276
-26760
-27096
-27408
-27888
-28532
-28940
-29768
-30188
-30192
-29920
-30396
-29796
-30532
-30196
-30656
-30796
-31128
-31460
-32768
-32768
-32768
-32768
-32768
-32768
-32768
-32768
-32768
-32768
-32768
-32768
-32768
-32768
-26052
-18828
-7812
716
5056
9544
13264
16444
18956
21004
22220
21288
19872
17732
16748
17208
21636
26100
32664
32767
32767
32767
32767
32767
32767
32767
32767
32767
32767
30184
27192
25828
22988
20188
18832
17928
16832
16456
16960
18084
19208
20152
21312
21800
21888
21668
21184
20084
19412
17112
16840
15168
14224
13344
13512
13212
13224
12756
12776
12752
12968
13724
13660
13812
14300
14576
14680
14656
14660
14392
14384
14296
13336
13272
12604
11996
10984
9760
7960
6848
5380
4512
3560
3108
3316
3948
4168
5340
5736
6676
7096
7028
6912
6260
6048
5052
4148
3216
1796
204
-1036
-2680
-3380
-3520
-4236
-4444
-4492
-3984
-4552
-4900
-4752
-5452
-5632
-6436
-7380
-8324
-9364
-10924
-13828
-15408
-16700
-17264
-17348
-16780
-16544
-16984
-16268
-15904
-15468
-15036
-15036
-14892
-14320
-14588
-13812
-12836
-11812
-11544
-10404
-11420
-12112
-14120
-15112
-17396
-18528
-19840
-19856
-20380
-20400
-20420
-20248
-19628
-18976
-18496
-18104
-17376
-16584
-15352
-15452
-14960
-14736
-14588
-14184
-13848
-13464
-13520
-13752
-13428
-13728
-13608
-13696
-14356
-15100
-15840
-16004
-16156
-16360
-16064
-15584
-15232
-14940
-14804
-14304
-13836
-13740
-13332
-12972
-12572
-12544
-12224
-11916
-11636
-11548
-11564
-11676
-11496
-11228
-11192
-11708
-12496
-12900
-13104
-13268
-12940
-11848
-11560
-10300
3760
-11432
-11664
-10800
-12680
-10216
-9208
-8700
-12036
-11260
-10776
-10740
-11148
-7416
-12056
-11420
-12304
-11692
-12000
-12000
-11800
-12152
-11504
-11676
-11636
-11172
-10796
-10592
-10580
-10236
-9800
-10064
-9724
-9552
-9472
-9280
-9268
-9456
-9396
-9336
-9224
-9528
-9848
-10668
-10708
-11216
-11188
-11692
-11832
-12024
-12500
-12324
-12168
-12308
-12084
-11216
-10476
-10576
-9996
-9476
-9120
-8440
-7884
-7284
-7440
-7296
-7780
-7208
-7220
-6620
-6720
-7172
-7424
-6832
-6624
-7048
-6268
-7488
-6960
-7044
-7268
-7124
-7020
-7040
-6596
-6460
-6416
-6532
-6576
-6432
-6516
-6504
-6392
-6124
-6284
-6452
-6816
-7332
-7396
-7244
-6928
-6616
-6396
-6320
-6436
-6400
-6556
-6372
-6484
-6548
-6624
-6600
-6460
-6544
-6220
-5528
-5084
-4628
-4176
-3696
-3932
-4612
-5436
-5760
-7340
-8124
-8416
-8820
-8924
-9056
-9052
-8648
-8364
-3508
-7628
-8184
-8628
-6936
-6560
-4792
-6020
-5752
-6100
-6044
-4664
-5464
-5928
-5984
-6364
-6076
-5740
-5012
-5272
-4676
-5124
-5924
-6656
-7452
-7512
-7308
-7516
-7480
-7940
-8332
-7076
-7236
-7000
-6872
-5516
-4624
-4876
-5440
-5544
-5008
-4708
-4712
-4312
-3892
-2452
-3980
-4336
-4916
-3772
-2864
-4548
-5000
-4136
-3504
-4884
-7436
-6852
-3740
-952
-7808
-3976
-3824
-14832
1244
-6748
-2788
-5392
-3452
-3596
-1956
-5512
-5736
-2420
-5880
-15840
2604
-11120
-8104
12196
3296
-1984
-600
5516
-7500
7068
4732
-1140
28364
-2472
-8044
-2036
-2280
-728
-2280
-3872
-3460
-3404
-6240
-7196
-6884
-5428
-5124
-4160
1348
176
-1608
-6384
-6948
11292
-2576
-2248
-8284
-18652
-17744
-12608
-9440
-10736
-6112
-14408
-11304
-13440
-13940
-15012
-16092
-18652
-19704
-18712
-18744
-18072
-15492
-16012
-15144
-13460
-11804
-10156
-10236
-11180
-9672
-10872
-8584
-3928
-9008
-8140
-7576
-2584
-9712
-9440
-8536
-9636
-8028
-8168
-9364
-9016
-9016
-8168
-8908
-9084
-8288
-8744
-5780
7340
1196
-10360
-9776
-13456
-12308
-9328
-5208
-8308
-5528
-8688
-6524
-13544
-9288
-6772
-7836
-15716
-9936
-7072
-13868
-14372
-15812
-13544
-7280
-6540
-8048
-7076
-6796
-5416
-6248
-3344
-932
2316
3952
1720
460
724
1128
1968
2408
3172
3652
4756
5980
6636
6864
6624
6468
5640
5152
4268
3108
1492
276
-1596
-3368
-4524
-5996
-6216
-5352
-4532
-3868
-3828
-3640
-4012
-4720
-5304
-5540
-6280
-6436
-6804
-7312
-7176
-7100
-6756
-7412
-6860
-6568
-6500
-6240
-6164
-5944
-5608
-5772
-5788
-5920
-5784
-5832
-6020
-6180
-6616
-6504
-6124
-5276
-5620
-5720
-5784
-6352
-6436
-6276
-6116
-5260
-5856
-6288
-6476
-6904
-7008
-5288
-7944
-7020
-5420
-5704
-5900
-6984
-5240
-4132
-4556
-4520
-4584
-5488
-5672
-6716
-6920
-6616
-6248
-6140
-5844
-5476
-5120
-4736
-5528
-4704
-3924
-3484
-2740
-2192
-1388
-1636
-2504
-4332
-4888
-4604
-5000
-4812
-6948
-748
1860
6196
2504
-3268
328
476
108
1556
696
-76
712
-2116
-4072
-2732
-1096
-4664
-7136
-8060
-7892
-7448
-6836
-7144
-7960
-8468
-5676
-5412
-5732
-7336
-8104
-6700
-6360
-9284
-9988
-9668
-13144
-13140
-360
-10312
-12024
-13480
-12784
-10232
-10088
-9708
-9420
-9992
-9332
-8652
-7740
-8196
-8820
-7600
-6560
-5456
-5912
-5644
-4408
-3928
-4348
-3792
-3872
-3832
-3800
-3932
-4096
-3596
-3560
-3436
-2860
-2948
-3252
-3268
-3320
-3556
-3212
-4148
-4884
-4952
-4936
-5564
-6112
-5604
-6536
-6700
-7092
-6456
-7564
-7748
-8156
-7368
-8508
-8360
-13840
-5760
-7720
-6556
-4992
-3064
-1968
-284
-680
1480
1756
2992
2264
5000
4412
4768
5952
5860
6768
6984
7636
8000
7448
6968
6788
5540
4104
2548
1708
920
-140
-856
-2576
-3436
-4252
-5420
-6272
-7500
-8252
-8988
-9296
-9776
-9864
-9104
-9032
-8712
-8216
-7596
-6812
-6368
-5328
-4748
-4152
-4020
-3948
-3880
-4776
-4652
-4696
-4748
-4976
-5740
-5700
-6332
-6444
-6748
-7248
-7288
-7452
-7736
-7636
-7520
-7612
-7296
-7332
-6456
-6728
-6180
-6136
-6056
-5940
-5472
-5424
-5452
-5172
-5040
-5224
-5320
-5512
-5476
-5904
-5992
-6048
-6336
-6332
-6380
-6468
-6316
-6492
-6436
-6312
-6216
-6052
-5696
-5220
-4448
-3916
-3272
-3316
-4528
-4976
-4700
-4700
-5496
-3552
-4380
-5040
-6732
-6520
-6624
-6900
-7012
-5024
-6020
-3436
-7436
-5676
-3768
-4264
-5408
-7688
-7060
-3544
-1416
-2496
-2976
-3288
-3524
-2712
-2056
-1416
-1276
-1604
-2040
-2608
-3420
-3096
-2236
-2324
-1808
-2460
-2680
-3880
-2788
-124
-1008
-112
-6268
-6432
-10220
-10072
-12840
-12072
-11620
-10364
-9924
-8892
-7864
-6056
-4896
-3000
-2804
-8616
4492
-6936
-6736
-7160
-7496
-5900
-4384
-4800
-6276
-5204
-4932
-6616
-5208
-5664
-5988
-6584
-7280
-9396
-8176
-12492
-6100
-10184
-6424
-3388
-5740
-4836
-3924
-5408
-4812
-5248
-6060
-5320
-5852
-6912
-7660
-8008
-8508
-9472
-9076
-11524
-13176
-10884
-9564
-7648
-9016
-9452
-9804
-10532
-10940
-10888
-9912
-9776
-8372
-8808
-9028
-8396
-9076
-8936
-8644
-7984
-6592
-6092
-4484
-5312
-6436
-7872
-7912
-7648
-7076
-7060
-7376
-6956
-5992
-5564
-5268
-4284
-3252
-1864
-1120
-600
232
1824
3772
4132
3412
4400
5684
6148
3748
2420
724
-476
-3208
-3756
-7204
-9540
-10516
-10744
-10224
-10332
-10488
-9436
-8764
-7192
-7376
-6832
-7296
-8596
-9080
-11484
-12584
-13420
-13688
-12836
-14440
-12912
-12660
-11220
-10976
-11160
-11412
-11420
-11504
-13012
-13708
-13992
-14184
-14164
-13972
-14356
-14060
-13720
-12492
-12176
-12096
-11976
-11540
-11148
-10788
-11292
-11964
-12164
-12048
-12556
-12600
-12460
-12400
-12128
-11476
-11208
-10456
-11440
-11948
-12000
-13032
-13608
-13868
-14252
-14560
-15068
-15452
-15804
-15324
-15396
-15036
-13724
-14752
-13340
-14152
-14044
-13976
-14192
-14408
-14232
-13752
-13524
-12568
-12460
-12584
-12624
-12932
-12940
-13716
-14004
-14064
-14148
-14524
-14656
-14604
-14192
-13868
-13816
-14196
-14464
-14504
-14620
-14308
-14264
-14368
-13876
-14528
-12384
-14956
-20024
-15680
-14464
-14552
-14896
-14820
-14576
-14824
-14336
-14332
-14516
-15512
-15128
-15236
-15856
-17036
-17928
-17452
-18528
-16840
-17580
-17640
-17080
-17020
-16732
-15972
-16600
-16900
-16604
-16956
-17296
-17204
-17492
-18060
-15912
-15652
-15584
-14516
-14804
-15476
-16828
-16472
-17424
-18220
-18616
-19096
-19376
-18740
-19032
-19712
-19740
-18992
-19632
-20232
-19756
-19172
-18960
-18536
-17964
-17456
-17264
-17252
-17412
-17500
-17684
-17828
-17456
-17140
-17768
-18544
-18568
-18356
-18224
-18280
-18332
-18420
-18480
-18388
-18152
-17888
-17844
-17620
-16968
-16992
-17296
-17868
-18164
-17940
-17452
-16936
-16276
-16084
-17160
-17776
-17532
-18212
-19280
-19512
-19908
-21280
-22268
-23084
-24308
-25556
-25660
-25616
-25940
-26028
-26248
-26208
-25452
-26136
-26180
-25600
-26192
-26576
-27852
-29368
-30536
-31212
-32768
-32768
-32768
-32768
-32768
-32768
-32768
-32768
-32768
-32768
-32768
-32768
-32252
-31452
-30244
-29696
-29492
-29432
-29456
-28248
-27416
-26944
-26396
-26140
-25032
-23996
-24984
-23048
-23136
-22756
-20496
-20096
-18888
-19060
-18360
-17864
-17580
-16284
-15840
-15928
-17220
-16352
-13204
-14260
-13400
-11312
-10856
-11068
-11088
-11148
-10836
-9868
-9140
-9404
-9604
-10532
-10364
-9808
-10052
-10916
-11044
-10760
-10872
-11388
-11496
-11932
-11968
-12016
-11864
-13616
-12476
-11944
-12480
-12344
-12596
-12508
-11084
-11292
-11456
-11464
-11380
-10108
-10480
-9808
-9888
-8568
-7684
-7820
-7040
-7240
-7176
-7136
-7712
-8148
-8856
-9152
-9764
-10164
-10816
-10936
-11056
-11340
-11200
-11152
-10220
-9444
-9152
-8888
-8820
-7680
-7052
-6460
-4960
-4508
-3400
-2804
-1948
-1744
-2328
-2260
-2328
-2036
-2088
-2584
-2340
-2096
-1964
-2200
-1764
-1616
-892
944
2060
2872
2764
2664
1392
-72
-1580
-3696
-5536
-9424
-12140
-15672
-18052
-20912
-22880
-25312
-27348
-29112
-29932
-30448
-30612
-31876
-32588
-32768
-32656
-32768
-32768
-32768
-32768
-32768
-32768
-32768
-32768
-32768
-32768
-32768
-32768
-32768
-30316
-25672
-30832
-29756
-29184
-29120
-28476
-27552
-27752
-27264
-27208
-26164
-26544
-26068
-26192
-24720
-24368
-23308
-23792
-23328
-23664
-23396
-23800
-23780
-23772
-23996
-23688
-23360
-22772
-22356
-21860
-21860
-21724
-21812
-21428
-21244
-21080
-20920
-20932
-20680
-20456
-20184
-20176
-20124
-20396
-20748
-20912
-21568
-21476
-21684
-21936
-21812
-21580
-21236
-21276
-21032
-20904
-20784
-20316
-20028
-19756
-19832
-20080
-20492
-21028
-20740
-20660
-21464
-20812
-20968
-20084
-20124
-20308
-21192
-18104
-21160
-20092
-21648
-20556
-21648
-21068
-22256
-20356
-21552
-21888
-21336
-20860
-20648
-20920
-21260
-21416
-21140
-20336
-20020
-19944
-19744
-19368
-19280
-19344
-19352
-19372
-19644
-19992
-20104
-20496
-20648
-20856
-21184
-21396
-21292
-21540
-21680
-21612
-21428
-20816
-20440
-19888
-19424
-18600
-17976
-18028
-18208
-18420
-18564
-19036
-19440
-19760
-20060
-20148
-20360
-20272
-20080
-19844
-19664
-19848
-19656
-19596
-19632
-19980
-20332
-20864
-21268
-21428
-21680
-22132
-22308
-22144
-22868
-21952
-21556
-21712
-21032
-19900
-18988
-18280
-17916
-20136
-17652
-17520
-17360
-17788
-18280
-18412
-18568
-18912
-18856
-19392
-19316
-19428
-19644
-19600
-19428
-19348
-19548
-19460
-19544
-19636
-19408
-20336
-19292
-20000
-19680
-19592
-19284
-18876
-18736
-18484
-18240
-17832
-17516
-17160
-16692
-16052
-14708
-12676
-14872
-17308
-17836
-18104
-14612
-15080
-17212
-18412
-19276
-19724
-20132
-20160
-19792
-19608
-19024
-18592
-18688
-19196
-19380
-19264
-19172
-19244
-19472
-19704
-20268
-19412
-18716
-18464
-17856
-18448
-19108
-19464
-19416
-19428
-18884
-19296
-19640
-18992
-18976
-19068
-19272
-19448
-19040
-18992
-18900
-19076
-19060
-18676
-18408
-18188
-18496
-18596
-18704
-18956
-19236
-19256
-19204
-18996
-18964
-18756
-18832
-18964
-19092
-18932
-18592
-18360
-18228
-18032
-18132
-18184
-18208
-18304
-18436
-18360
-18072
-18136
-18052
-18744
-18788
-18512
-18700
-18936
-19384
-19896
-20168
-19924
-20108
-20152
-20088
-19984
-19676
-19920
-19788
-19740
-19792
-20032
-20340
-20320
-20364
-20368
-20564
-20280
-20396
-20296
-20420
-20496
-20576
-20608
-20648
-20316
-20356
-20208
-19972
-19488
-19344
-19268
-18896
-18724
-18656
-18400
-18396
-18516
-18856
-18648
-18956
-19240
-19396
-19664
-19624
-19640
-19736
-19800
-19672
-19620
-19492
-19536
-19128
-19052
-19444
-19456
-19676
-19992
-19960
-19796
-19584
-19592
-19540
-19672
-19588
-19452
-19648
-19960
-20292
-20644
-20720
-20640
-20900
-21136
-21032
-21156
-21516
-21544
-21064
-20944
-20276
-19648
-19568
-19600
-19632
-19728
-19680
-19788
-19640
-19656
-19464
-19544
-19232
-19096
-19232
-19596
-19608
-19700
-19944
-20008
-20208
-20280
-20324
-20312
-20112
-20376
-20164
-20268
-20444
-20476
-20400
-20296
-20264
-20156
-20132
-19656
-19524
-19456
-19528
-19232
-18836
-18480
-18280
-18384
-18164
-16624
-16740
-17132
-16204
-16372
-17240
-17544
-17500
-17892
-18492
-18896
-19268
-19124
-18972
-19016
-19460
-19488
-19476
-19476
-19316
-19424
-19368
-19120
-18356
-18156
-17712
-17612
-18048
-17812
-18040
-18492
-18732
-19040
-19096
-19212
-19388
-19384
-20060
-19828
-19860
-19800
-20644
-19800
-18976
-19592
-19620
-19808
-19824
-19680
-19604
-19540
-19552
-19704
-19824
-19664
-19464
-19244
-18952
-18788
-18644
-18320
-18060
-17740
-17676
-17580
-17688
-17628
-17896
-18072
-18328
-18588
-18856
-19056
-18796
-18112
-18556
-19468
-19680
-19664
-19852
-19984
-20440
-20404
-20004
-19984
-19756
-19296
-18812
-18832
-18800
-18828
-19048
-18948
-18904
-18732
-19140
-20184
-18304
-18948
-19784
-20084
-19956
-20104
-20292
-20440
-20448
-20468
-20676
-20632
-20512
-20448
-20468
-20060
-19980
-20212
-19976
-19952
-19756
-19760
-19760
-19600
-19448
-19464
-19320
-19256
-19344
-19236
-19032
-18988
-18852
-18780
-18776
-18672
-18876
-18808
-18840
-18796
-18672
-18708
-18668
-18664
-19052
-19012
-19308
-19184
-19280
-19392
-19424
-19152
-19196
-19112
-18992
-19052
-18964
-19028
-19220
-19384
-19268
-19224
-19412
-19532
-19368
-19288
-19348
-19316
-19244
-19204
-19136
-19164
-19064
-19088
-19240
-19320
-19388
-19304
-19420
-19512
-19276
-19436
-19384
-19344
-19396
-19556
-19728
-19960
-19712
-19788
-19724
-19500
-19524
-19456
-19520
-19572
-19968
-20004
-20268
-20236
-20132
-19888
-19856
-19632
-19716
-19664
-19516
-19452
-19744
-19552
-19424
-19340
-19404
-19172
-19256
-19140
-19120
-19024
-19040
-19068
-19264
-19460
-19528
-19564
-19612
-19244
-19208
-19228
-19032
-18940
-18776
-18564
-18548
-18572
-18488
-18576
-18708
-18756
-18736
-19008
-18992
-19036
-19072
-19168
-19164
-19328
-19328
-19268
-19460
-19376
-19448
-19536
-19712
-19588
-19500
-19652
-19492
-19356
-19320
-19524
-19528
-19456
-19316
-19300
-19320
-19448
-19504
-19320
-19584
-19516
-19704
-19628
-19760
-19744
-19616
-19700
-19632
-19644
-19688
-19536
-19656
-19680
-19536
-19508
-19380
-19500
-19560
-19564
-19412
-19384
-19376
-19256
-19168
-19328
-19352
-19444
-19500
-19424
-19376
-19376
-19360
-19452
-19364
-19420
-19260
-19352
-19328
-19336
-19348
-19336
-19292
-19456
-19412
-19472
-19464
-19480
-19600
-19620
-19636
-19644
-19616
-19684
-19652
-19600
-19408
-19304
-19404
-19128
-19360
-19368
-19352
-19288
-19268
-19284
-19340
-19448
-19452
-19320
-19432
-19352
-19156
-19272
-19160
-19252
-19060
-19068
-19076
-19128
-19168
-19192
-19292
-19264
-19252
-19388
-19508
-19616
-19632
-19572
-19540
-19516
-19340
-19144
-19288
-19216
-19196
-19216
-19076
-19080
-19124
-19168
-19168
-19156
-19256
-19352
-19288
-19540
-19528
-19540
-19556
-19512
-19648
-19636
-19444
-19356
-19424
-19288
-19132
-18932
-19160
-19196
-19160
-19316
-19480
-19400
-19388
-19452
-19408
-19452
-19484
-19408
-19456
-19472
-19608
-19424
-19344
-19376
-19268
-19216
-19384
-19456
-19312
-19412
-19388
-19292
-19308
-19300
-19160
-19096
-19148
-19264
-19172
-19124
-19108
-18952
-19072
-18852
-19008
-18996
-18956
-18796
-18896
-19056
-19008
-19100
-19260
-19264
-19396
-19324
-19292
-19296
-19272
-19400
-19292
-19500
-19340
-19396
-19348
-19468
-19348
-19224
-19348
-19348
-19364
-19260
-19436
-19504
-19476
-19580
-19464
-19496
-19596
-19632
-19572
-19436
-19488
-19420
-19260
-19264
-19396
-19452
-19188
-19336
-19164
-19264
-19360
-19212
-19456
-19364
-19212
-19204
-19508
-19560
-19436
-19280
-19012
-19372
-19324
-19120
-19024
-19152
-19172
-19152
-19040
-19212
-19000
-18788
-18992
-19056
-19072
-19096
-19352
-19496
-19508
-19420
-19544
-19620
-19660
-19492
-19492
-19824
-19816
-19696
-19884
-19824
-19792
-19676
-19632
-19540
-19712
-19460
-19344
-19236
-19188
-19272
-19352
-19468
-19604
-19552
-19656
-19884
-19980
-20028
-19912
-19676
-19712
-19700
-19668
-19536
-19492
-19584
-19772
-19608
-19684
-19876
-18164
-18804
-18648
-18952
-18988
-19180
-18860
-19080
-18860
-18836
-18880
-19084
-18568
-19108
-19200
-18464
-18864
-19036
-19228
-19200
-19292
-19508
-19580
-19820
-19740
-19580
-19560
-19440
-19608
-19476
-19544
-19396
-19408
-19364
-19372
-19452
-19500
-19492
-19588
-19588
-19524
-19328
-19228
-19216
-19388
-19212
-19236
-19260
-19264
-19056
-19172
-19100
-19144
-19260
-19156
-18928
-19028
-19048
-18836
-18776
-18832
-18696
-18748
-18744
-18744
-18656
-18472
-18688
-18536
-18616
-18684
-18780
-18912
-18964
-18940
-19188
-19236
-19240
-19236
-19400
-19540
-19468
-19640
-19508
-19348
-19520
-19612
-19604
-19712
-19768
-19704
-19820
-19980
-19980
-20060
-20160
-20072
-20160
-20360
-20380
-20372
-20540
-20644
-20704
-20684
-20724
-20568
-20424
-20420
-20208
-20008
-19884
-19904
-19792
-19596
-19560
-19684
-19500
-19576
-19392
-19304
-19200
-19040
-18924
-18928
-18916
-18852
-18780
-18428
-18640
-18532
-18812
-18944
-19080
-19100
-19072
-19212
-19152
-19308
-19312
-19552
-19728
-19676
-19728
-19804
-19776
-19676
-19688
-19776
-19832
-19788
-19792
-19704
-19556
-19356
-19304
-19104
-18968
-19084
-18836
-18604
-18640
-18564
-18508
-18580
-18560
-18604
-18344
-18600
-18640
-18876
-18828
-19160
-19020
-19060
-18968
-18916
-18788
-18964
-18776
-18820
-18720
-18628
-18604
-18636
-18608
-18496
-18580
-18672
-18888
-18940
-18728
-19136
-18992
-19084
-19160
-18956
-19068
-19184
-19172
-19236
-19116
-19256
-19092
-19132
-19148
-19284
-19200
-19124
-19048
-19332
-18888
-19324
-19208
-19080
-19344
-19200
-18724
-18764
-19048
-18988
-19628
-19700
-19700
-19724
-19516
-19524
-19628
-19512
-19484
-19936
-19584
-19656
-19728
-20004
-20184
-19740
-19624
-19568
-19728
-19380
-19016
-19208



